//-----------------------------------------------
//メッシュフィールドの配置処理
//Author: 加藤瑞葵
//-----------------------------------------------
SET_MESHFIELD
vertical = 50
line = 50
width = 5000.00
depth = 5000.00
-2500.00 242.04 2500.00
-2400.00 272.97 2500.00
-2300.00 235.29 2500.00
-2200.00 191.16 2500.00
-2100.00 152.68 2500.00
-2000.00 158.14 2500.00
-1900.00 186.16 2500.00
-1800.00 271.40 2500.00
-1700.00 267.25 2500.00
-1600.00 226.71 2500.00
-1500.00 202.44 2500.00
-1400.00 188.84 2500.00
-1300.00 156.40 2500.00
-1200.00 232.69 2500.00
-1100.00 218.09 2500.00
-1000.00 224.33 2500.00
-900.00 222.20 2500.00
-800.00 196.64 2500.00
-700.00 210.80 2500.00
-600.00 190.91 2500.00
-500.00 197.48 2500.00
-400.00 186.56 2500.00
-300.00 201.95 2500.00
-200.00 208.46 2500.00
-100.00 215.03 2500.00
0.00 215.45 2500.00
100.00 200.06 2500.00
200.00 205.05 2500.00
300.00 208.92 2500.00
400.00 199.98 2500.00
500.00 213.07 2500.00
600.00 205.75 2500.00
700.00 227.99 2500.00
800.00 205.25 2500.00
900.00 203.26 2500.00
1000.00 189.91 2500.00
1100.00 176.29 2500.00
1200.00 142.55 2500.00
1300.00 118.44 2500.00
1400.00 128.30 2500.00
1500.00 155.65 2500.00
1600.00 180.12 2500.00
1700.00 264.04 2500.00
1800.00 256.49 2500.00
1900.00 251.86 2500.00
2000.00 243.45 2500.00
2100.00 243.05 2500.00
2200.00 259.45 2500.00
2300.00 266.78 2500.00
2400.00 232.26 2500.00
2500.00 211.69 2500.00
-2500.00 261.10 2400.00
-2400.00 300.64 2400.00
-2300.00 279.02 2400.00
-2200.00 195.08 2400.00
-2100.00 192.93 2400.00
-2000.00 204.30 2400.00
-1900.00 284.74 2400.00
-1800.00 298.19 2400.00
-1700.00 273.50 2400.00
-1600.00 239.25 2400.00
-1500.00 210.43 2400.00
-1400.00 174.16 2400.00
-1300.00 154.10 2400.00
-1200.00 195.36 2400.00
-1100.00 187.70 2400.00
-1000.00 188.46 2400.00
-900.00 180.25 2400.00
-800.00 188.40 2400.00
-700.00 179.96 2400.00
-600.00 173.68 2400.00
-500.00 167.78 2400.00
-400.00 163.21 2400.00
-300.00 152.35 2400.00
-200.00 161.52 2400.00
-100.00 169.66 2400.00
0.00 173.29 2400.00
100.00 171.10 2400.00
200.00 163.21 2400.00
300.00 171.67 2400.00
400.00 168.79 2400.00
500.00 177.63 2400.00
600.00 175.91 2400.00
700.00 170.58 2400.00
800.00 176.20 2400.00
900.00 152.14 2400.00
1000.00 141.18 2400.00
1100.00 124.77 2400.00
1200.00 100.46 2400.00
1300.00 84.23 2400.00
1400.00 115.91 2400.00
1500.00 138.63 2400.00
1600.00 152.21 2400.00
1700.00 192.75 2400.00
1800.00 201.03 2400.00
1900.00 199.90 2400.00
2000.00 188.19 2400.00
2100.00 190.97 2400.00
2200.00 194.85 2400.00
2300.00 195.75 2400.00
2400.00 194.38 2400.00
2500.00 187.36 2400.00
-2500.00 290.06 2300.00
-2400.00 309.92 2300.00
-2300.00 282.66 2300.00
-2200.00 213.79 2300.00
-2100.00 208.25 2300.00
-2000.00 228.83 2300.00
-1900.00 283.60 2300.00
-1800.00 279.02 2300.00
-1700.00 269.91 2300.00
-1600.00 228.03 2300.00
-1500.00 213.74 2300.00
-1400.00 182.73 2300.00
-1300.00 188.66 2300.00
-1200.00 156.17 2300.00
-1100.00 154.90 2300.00
-1000.00 141.94 2300.00
-900.00 140.98 2300.00
-800.00 133.12 2300.00
-700.00 137.27 2300.00
-600.00 128.55 2300.00
-500.00 126.42 2300.00
-400.00 109.64 2300.00
-300.00 105.23 2300.00
-200.00 110.91 2300.00
-100.00 106.91 2300.00
0.00 118.97 2300.00
100.00 111.24 2300.00
200.00 115.09 2300.00
300.00 112.60 2300.00
400.00 121.74 2300.00
500.00 121.23 2300.00
600.00 127.13 2300.00
700.00 112.61 2300.00
800.00 120.38 2300.00
900.00 111.00 2300.00
1000.00 94.39 2300.00
1100.00 77.03 2300.00
1200.00 67.34 2300.00
1300.00 63.47 2300.00
1400.00 80.70 2300.00
1500.00 93.43 2300.00
1600.00 101.13 2300.00
1700.00 131.08 2300.00
1800.00 137.89 2300.00
1900.00 130.50 2300.00
2000.00 116.10 2300.00
2100.00 140.09 2300.00
2200.00 135.94 2300.00
2300.00 148.80 2300.00
2400.00 147.64 2300.00
2500.00 158.63 2300.00
-2500.00 293.40 2200.00
-2400.00 310.53 2200.00
-2300.00 268.34 2200.00
-2200.00 204.08 2200.00
-2100.00 201.19 2200.00
-2000.00 290.18 2200.00
-1900.00 257.59 2200.00
-1800.00 240.31 2200.00
-1700.00 228.50 2200.00
-1600.00 224.10 2200.00
-1500.00 192.26 2200.00
-1400.00 164.59 2200.00
-1300.00 148.47 2200.00
-1200.00 117.11 2200.00
-1100.00 102.63 2200.00
-1000.00 96.12 2200.00
-900.00 102.36 2200.00
-800.00 95.51 2200.00
-700.00 99.07 2200.00
-600.00 93.42 2200.00
-500.00 60.49 2200.00
-400.00 61.19 2200.00
-300.00 59.68 2200.00
-200.00 57.14 2200.00
-100.00 57.85 2200.00
0.00 61.81 2200.00
100.00 62.06 2200.00
200.00 62.05 2200.00
300.00 69.04 2200.00
400.00 68.46 2200.00
500.00 65.46 2200.00
600.00 65.48 2200.00
700.00 62.17 2200.00
800.00 62.15 2200.00
900.00 49.41 2200.00
1000.00 44.62 2200.00
1100.00 36.77 2200.00
1200.00 22.94 2200.00
1300.00 33.14 2200.00
1400.00 49.20 2200.00
1500.00 52.97 2200.00
1600.00 64.72 2200.00
1700.00 62.97 2200.00
1800.00 64.07 2200.00
1900.00 60.46 2200.00
2000.00 71.85 2200.00
2100.00 61.86 2200.00
2200.00 114.53 2200.00
2300.00 111.36 2200.00
2400.00 119.28 2200.00
2500.00 150.75 2200.00
-2500.00 289.58 2100.00
-2400.00 290.59 2100.00
-2300.00 274.76 2100.00
-2200.00 223.31 2100.00
-2100.00 322.33 2100.00
-2000.00 263.49 2100.00
-1900.00 217.99 2100.00
-1800.00 213.46 2100.00
-1700.00 215.90 2100.00
-1600.00 187.79 2100.00
-1500.00 173.87 2100.00
-1400.00 145.16 2100.00
-1300.00 124.77 2100.00
-1200.00 99.02 2100.00
-1100.00 78.96 2100.00
-1000.00 73.59 2100.00
-900.00 73.73 2100.00
-800.00 77.92 2100.00
-700.00 70.05 2100.00
-600.00 39.90 2100.00
-500.00 26.46 2100.00
-400.00 23.52 2100.00
-300.00 29.07 2100.00
-200.00 28.64 2100.00
-100.00 30.00 2100.00
0.00 26.86 2100.00
100.00 25.82 2100.00
200.00 28.90 2100.00
300.00 29.35 2100.00
400.00 29.29 2100.00
500.00 31.86 2100.00
600.00 26.31 2100.00
700.00 29.25 2100.00
800.00 25.95 2100.00
900.00 15.00 2100.00
1000.00 17.96 2100.00
1100.00 16.42 2100.00
1200.00 23.15 2100.00
1300.00 29.35 2100.00
1400.00 31.36 2100.00
1500.00 32.01 2100.00
1600.00 26.10 2100.00
1700.00 20.19 2100.00
1800.00 9.75 2100.00
1900.00 4.57 2100.00
2000.00 23.16 2100.00
2100.00 53.89 2100.00
2200.00 117.19 2100.00
2300.00 169.80 2100.00
2400.00 130.16 2100.00
2500.00 124.25 2100.00
-2500.00 231.67 2000.00
-2400.00 287.81 2000.00
-2300.00 325.37 2000.00
-2200.00 294.62 2000.00
-2100.00 283.99 2000.00
-2000.00 221.76 2000.00
-1900.00 184.93 2000.00
-1800.00 184.23 2000.00
-1700.00 190.31 2000.00
-1600.00 185.88 2000.00
-1500.00 187.74 2000.00
-1400.00 165.31 2000.00
-1300.00 141.78 2000.00
-1200.00 104.51 2000.00
-1100.00 91.03 2000.00
-1000.00 87.04 2000.00
-900.00 78.85 2000.00
-800.00 79.21 2000.00
-700.00 73.55 2000.00
-600.00 63.07 2000.00
-500.00 40.42 2000.00
-400.00 25.45 2000.00
-300.00 33.17 2000.00
-200.00 43.60 2000.00
-100.00 43.21 2000.00
0.00 43.56 2000.00
100.00 41.99 2000.00
200.00 39.69 2000.00
300.00 38.49 2000.00
400.00 37.00 2000.00
500.00 33.27 2000.00
600.00 38.66 2000.00
700.00 37.60 2000.00
800.00 46.59 2000.00
900.00 48.89 2000.00
1000.00 46.78 2000.00
1100.00 61.94 2000.00
1200.00 63.64 2000.00
1300.00 53.75 2000.00
1400.00 50.16 2000.00
1500.00 34.49 2000.00
1600.00 21.17 2000.00
1700.00 7.73 2000.00
1800.00 0.36 2000.00
1900.00 0.38 2000.00
2000.00 14.43 2000.00
2100.00 45.10 2000.00
2200.00 85.89 2000.00
2300.00 145.35 2000.00
2400.00 194.79 2000.00
2500.00 197.02 2000.00
-2500.00 234.94 1900.00
-2400.00 294.47 1900.00
-2300.00 286.73 1900.00
-2200.00 291.02 1900.00
-2100.00 249.14 1900.00
-2000.00 213.63 1900.00
-1900.00 180.14 1900.00
-1800.00 177.05 1900.00
-1700.00 182.67 1900.00
-1600.00 193.40 1900.00
-1500.00 206.32 1900.00
-1400.00 193.59 1900.00
-1300.00 174.34 1900.00
-1200.00 137.30 1900.00
-1100.00 119.91 1900.00
-1000.00 114.32 1900.00
-900.00 94.95 1900.00
-800.00 106.09 1900.00
-700.00 115.81 1900.00
-600.00 95.07 1900.00
-500.00 62.39 1900.00
-400.00 43.13 1900.00
-300.00 59.98 1900.00
-200.00 82.35 1900.00
-100.00 82.06 1900.00
0.00 90.16 1900.00
100.00 89.36 1900.00
200.00 90.93 1900.00
300.00 84.43 1900.00
400.00 89.93 1900.00
500.00 85.79 1900.00
600.00 80.83 1900.00
700.00 89.82 1900.00
800.00 83.78 1900.00
900.00 91.99 1900.00
1000.00 104.24 1900.00
1100.00 103.14 1900.00
1200.00 111.41 1900.00
1300.00 94.37 1900.00
1400.00 83.89 1900.00
1500.00 61.77 1900.00
1600.00 36.94 1900.00
1700.00 17.18 1900.00
1800.00 3.69 1900.00
1900.00 0.00 1900.00
2000.00 12.65 1900.00
2100.00 42.76 1900.00
2200.00 88.07 1900.00
2300.00 133.73 1900.00
2400.00 174.99 1900.00
2500.00 175.25 1900.00
-2500.00 211.49 1800.00
-2400.00 264.36 1800.00
-2300.00 279.67 1800.00
-2200.00 250.58 1800.00
-2100.00 237.48 1800.00
-2000.00 191.69 1800.00
-1900.00 171.93 1800.00
-1800.00 172.91 1800.00
-1700.00 192.19 1800.00
-1600.00 226.00 1800.00
-1500.00 226.74 1800.00
-1400.00 222.34 1800.00
-1300.00 206.68 1800.00
-1200.00 191.45 1800.00
-1100.00 167.28 1800.00
-1000.00 103.10 1800.00
-900.00 121.14 1800.00
-800.00 135.69 1800.00
-700.00 131.09 1800.00
-600.00 112.33 1800.00
-500.00 80.28 1800.00
-400.00 68.65 1800.00
-300.00 102.25 1800.00
-200.00 115.33 1800.00
-100.00 130.43 1800.00
0.00 144.63 1800.00
100.00 150.89 1800.00
200.00 134.72 1800.00
300.00 135.51 1800.00
400.00 141.64 1800.00
500.00 140.90 1800.00
600.00 129.35 1800.00
700.00 137.92 1800.00
800.00 129.65 1800.00
900.00 135.57 1800.00
1000.00 146.80 1800.00
1100.00 150.71 1800.00
1200.00 138.21 1800.00
1300.00 134.16 1800.00
1400.00 117.79 1800.00
1500.00 86.08 1800.00
1600.00 55.06 1800.00
1700.00 28.52 1800.00
1800.00 8.83 1800.00
1900.00 0.00 1800.00
2000.00 12.77 1800.00
2100.00 35.30 1800.00
2200.00 75.65 1800.00
2300.00 120.66 1800.00
2400.00 161.19 1800.00
2500.00 173.54 1800.00
-2500.00 167.04 1700.00
-2400.00 227.14 1700.00
-2300.00 224.68 1700.00
-2200.00 236.96 1700.00
-2100.00 220.58 1700.00
-2000.00 203.85 1700.00
-1900.00 194.23 1700.00
-1800.00 183.73 1700.00
-1700.00 206.61 1700.00
-1600.00 233.85 1700.00
-1500.00 255.87 1700.00
-1400.00 263.74 1700.00
-1300.00 237.00 1700.00
-1200.00 228.38 1700.00
-1100.00 203.64 1700.00
-1000.00 114.29 1700.00
-900.00 147.15 1700.00
-800.00 163.21 1700.00
-700.00 157.05 1700.00
-600.00 130.50 1700.00
-500.00 100.15 1700.00
-400.00 77.58 1700.00
-300.00 125.07 1700.00
-200.00 129.97 1700.00
-100.00 164.01 1700.00
0.00 170.21 1700.00
100.00 182.82 1700.00
200.00 190.41 1700.00
300.00 185.17 1700.00
400.00 185.70 1700.00
500.00 190.03 1700.00
600.00 181.38 1700.00
700.00 166.27 1700.00
800.00 164.52 1700.00
900.00 166.47 1700.00
1000.00 187.64 1700.00
1100.00 185.85 1700.00
1200.00 170.87 1700.00
1300.00 168.50 1700.00
1400.00 148.36 1700.00
1500.00 104.73 1700.00
1600.00 66.21 1700.00
1700.00 35.22 1700.00
1800.00 12.62 1700.00
1900.00 0.17 1700.00
2000.00 9.77 1700.00
2100.00 30.70 1700.00
2200.00 63.63 1700.00
2300.00 102.49 1700.00
2400.00 149.75 1700.00
2500.00 148.62 1700.00
-2500.00 180.94 1600.00
-2400.00 172.32 1600.00
-2300.00 202.58 1600.00
-2200.00 204.93 1600.00
-2100.00 199.89 1600.00
-2000.00 192.03 1600.00
-1900.00 183.97 1600.00
-1800.00 180.41 1600.00
-1700.00 203.96 1600.00
-1600.00 243.31 1600.00
-1500.00 244.45 1600.00
-1400.00 279.12 1600.00
-1300.00 270.50 1600.00
-1200.00 252.77 1600.00
-1100.00 148.77 1600.00
-1000.00 118.90 1600.00
-900.00 156.12 1600.00
-800.00 180.71 1600.00
-700.00 183.11 1600.00
-600.00 143.29 1600.00
-500.00 115.30 1600.00
-400.00 74.96 1600.00
-300.00 122.66 1600.00
-200.00 148.59 1600.00
-100.00 157.96 1600.00
0.00 174.85 1600.00
100.00 207.81 1600.00
200.00 210.25 1600.00
300.00 217.85 1600.00
400.00 213.82 1600.00
500.00 211.13 1600.00
600.00 195.07 1600.00
700.00 184.00 1600.00
800.00 180.02 1600.00
900.00 180.99 1600.00
1000.00 197.35 1600.00
1100.00 195.01 1600.00
1200.00 179.00 1600.00
1300.00 156.06 1600.00
1400.00 136.47 1600.00
1500.00 92.36 1600.00
1600.00 68.01 1600.00
1700.00 36.17 1600.00
1800.00 10.37 1600.00
1900.00 0.00 1600.00
2000.00 4.62 1600.00
2100.00 27.18 1600.00
2200.00 63.00 1600.00
2300.00 94.17 1600.00
2400.00 122.02 1600.00
2500.00 144.06 1600.00
-2500.00 211.70 1500.00
-2400.00 199.03 1500.00
-2300.00 162.19 1500.00
-2200.00 190.59 1500.00
-2100.00 194.11 1500.00
-2000.00 186.73 1500.00
-1900.00 187.89 1500.00
-1800.00 208.53 1500.00
-1700.00 216.27 1500.00
-1600.00 234.36 1500.00
-1500.00 249.82 1500.00
-1400.00 281.73 1500.00
-1300.00 265.63 1500.00
-1200.00 249.09 1500.00
-1100.00 176.14 1500.00
-1000.00 138.85 1500.00
-900.00 153.12 1500.00
-800.00 163.84 1500.00
-700.00 166.83 1500.00
-600.00 148.24 1500.00
-500.00 110.28 1500.00
-400.00 87.94 1500.00
-300.00 103.37 1500.00
-200.00 113.80 1500.00
-100.00 144.90 1500.00
0.00 165.72 1500.00
100.00 169.57 1500.00
200.00 183.90 1500.00
300.00 193.72 1500.00
400.00 204.38 1500.00
500.00 191.73 1500.00
600.00 188.78 1500.00
700.00 169.35 1500.00
800.00 174.93 1500.00
900.00 156.85 1500.00
1000.00 169.89 1500.00
1100.00 169.57 1500.00
1200.00 155.72 1500.00
1300.00 130.77 1500.00
1400.00 112.60 1500.00
1500.00 81.10 1500.00
1600.00 50.32 1500.00
1700.00 25.79 1500.00
1800.00 8.04 1500.00
1900.00 0.00 1500.00
2000.00 1.57 1500.00
2100.00 20.96 1500.00
2200.00 50.87 1500.00
2300.00 80.79 1500.00
2400.00 105.75 1500.00
2500.00 122.56 1500.00
-2500.00 240.38 1400.00
-2400.00 220.41 1400.00
-2300.00 181.86 1400.00
-2200.00 165.82 1400.00
-2100.00 184.42 1400.00
-2000.00 192.08 1400.00
-1900.00 207.82 1400.00
-1800.00 204.70 1400.00
-1700.00 219.73 1400.00
-1600.00 219.38 1400.00
-1500.00 248.94 1400.00
-1400.00 256.56 1400.00
-1300.00 263.55 1400.00
-1200.00 246.45 1400.00
-1100.00 182.73 1400.00
-1000.00 138.74 1400.00
-900.00 128.42 1400.00
-800.00 152.43 1400.00
-700.00 165.99 1400.00
-600.00 138.84 1400.00
-500.00 124.54 1400.00
-400.00 80.99 1400.00
-300.00 68.16 1400.00
-200.00 94.34 1400.00
-100.00 97.88 1400.00
0.00 117.07 1400.00
100.00 152.00 1400.00
200.00 162.29 1400.00
300.00 166.85 1400.00
400.00 150.28 1400.00
500.00 155.44 1400.00
600.00 153.31 1400.00
700.00 148.15 1400.00
800.00 138.80 1400.00
900.00 131.33 1400.00
1000.00 120.62 1400.00
1100.00 127.50 1400.00
1200.00 119.14 1400.00
1300.00 96.96 1400.00
1400.00 83.14 1400.00
1500.00 61.36 1400.00
1600.00 36.39 1400.00
1700.00 13.99 1400.00
1800.00 1.22 1400.00
1900.00 0.00 1400.00
2000.00 0.57 1400.00
2100.00 12.80 1400.00
2200.00 39.32 1400.00
2300.00 69.29 1400.00
2400.00 97.81 1400.00
2500.00 103.68 1400.00
-2500.00 258.28 1300.00
-2400.00 242.21 1300.00
-2300.00 190.11 1300.00
-2200.00 139.04 1300.00
-2100.00 173.22 1300.00
-2000.00 194.91 1300.00
-1900.00 219.40 1300.00
-1800.00 222.60 1300.00
-1700.00 216.08 1300.00
-1600.00 229.93 1300.00
-1500.00 247.41 1300.00
-1400.00 268.16 1300.00
-1300.00 259.92 1300.00
-1200.00 245.24 1300.00
-1100.00 242.19 1300.00
-1000.00 151.62 1300.00
-900.00 126.19 1300.00
-800.00 138.83 1300.00
-700.00 144.20 1300.00
-600.00 139.58 1300.00
-500.00 121.46 1300.00
-400.00 82.72 1300.00
-300.00 61.86 1300.00
-200.00 50.05 1300.00
-100.00 74.20 1300.00
0.00 80.51 1300.00
100.00 133.71 1300.00
200.00 135.39 1300.00
300.00 132.43 1300.00
400.00 114.81 1300.00
500.00 120.03 1300.00
600.00 107.97 1300.00
700.00 102.19 1300.00
800.00 103.99 1300.00
900.00 93.74 1300.00
1000.00 95.14 1300.00
1100.00 85.90 1300.00
1200.00 85.32 1300.00
1300.00 74.17 1300.00
1400.00 52.54 1300.00
1500.00 39.23 1300.00
1600.00 22.67 1300.00
1700.00 6.39 1300.00
1800.00 0.00 1300.00
1900.00 0.00 1300.00
2000.00 0.29 1300.00
2100.00 8.30 1300.00
2200.00 27.13 1300.00
2300.00 55.78 1300.00
2400.00 82.19 1300.00
2500.00 91.92 1300.00
-2500.00 255.62 1200.00
-2400.00 238.02 1200.00
-2300.00 205.79 1200.00
-2200.00 137.44 1200.00
-2100.00 162.74 1200.00
-2000.00 218.55 1200.00
-1900.00 230.85 1200.00
-1800.00 233.34 1200.00
-1700.00 234.63 1200.00
-1600.00 245.24 1200.00
-1500.00 271.42 1200.00
-1400.00 273.68 1200.00
-1300.00 273.70 1200.00
-1200.00 254.00 1200.00
-1100.00 243.42 1200.00
-1000.00 138.89 1200.00
-900.00 112.78 1200.00
-800.00 131.20 1200.00
-700.00 129.62 1200.00
-600.00 119.86 1200.00
-500.00 101.08 1200.00
-400.00 90.32 1200.00
-300.00 69.80 1200.00
-200.00 61.96 1200.00
-100.00 58.54 1200.00
0.00 64.20 1200.00
100.00 65.57 1200.00
200.00 101.15 1200.00
300.00 102.35 1200.00
400.00 91.03 1200.00
500.00 90.31 1200.00
600.00 82.67 1200.00
700.00 74.95 1200.00
800.00 76.75 1200.00
900.00 73.49 1200.00
1000.00 75.13 1200.00
1100.00 75.80 1200.00
1200.00 71.94 1200.00
1300.00 59.95 1200.00
1400.00 44.97 1200.00
1500.00 31.58 1200.00
1600.00 19.04 1200.00
1700.00 9.73 1200.00
1800.00 5.23 1200.00
1900.00 1.73 1200.00
2000.00 3.11 1200.00
2100.00 6.19 1200.00
2200.00 19.62 1200.00
2300.00 39.10 1200.00
2400.00 67.45 1200.00
2500.00 77.60 1200.00
-2500.00 260.16 1100.00
-2400.00 236.53 1100.00
-2300.00 187.97 1100.00
-2200.00 229.81 1100.00
-2100.00 224.87 1100.00
-2000.00 216.24 1100.00
-1900.00 228.11 1100.00
-1800.00 250.41 1100.00
-1700.00 274.86 1100.00
-1600.00 267.25 1100.00
-1500.00 281.26 1100.00
-1400.00 264.42 1100.00
-1300.00 284.56 1100.00
-1200.00 266.85 1100.00
-1100.00 227.68 1100.00
-1000.00 218.15 1100.00
-900.00 100.22 1100.00
-800.00 76.58 1100.00
-700.00 125.78 1100.00
-600.00 121.06 1100.00
-500.00 98.57 1100.00
-400.00 83.00 1100.00
-300.00 79.37 1100.00
-200.00 58.03 1100.00
-100.00 52.06 1100.00
0.00 56.64 1100.00
100.00 60.79 1100.00
200.00 89.73 1100.00
300.00 88.98 1100.00
400.00 83.11 1100.00
500.00 72.82 1100.00
600.00 64.66 1100.00
700.00 70.18 1100.00
800.00 66.10 1100.00
900.00 64.68 1100.00
1000.00 74.27 1100.00
1100.00 72.85 1100.00
1200.00 75.82 1100.00
1300.00 71.19 1100.00
1400.00 60.10 1100.00
1500.00 42.38 1100.00
1600.00 26.48 1100.00
1700.00 18.61 1100.00
1800.00 11.24 1100.00
1900.00 6.30 1100.00
2000.00 8.60 1100.00
2100.00 10.56 1100.00
2200.00 31.91 1100.00
2300.00 47.66 1100.00
2400.00 73.75 1100.00
2500.00 85.87 1100.00
-2500.00 262.80 1000.00
-2400.00 256.43 1000.00
-2300.00 229.08 1000.00
-2200.00 219.65 1000.00
-2100.00 186.83 1000.00
-2000.00 204.56 1000.00
-1900.00 237.05 1000.00
-1800.00 272.06 1000.00
-1700.00 273.10 1000.00
-1600.00 303.31 1000.00
-1500.00 292.21 1000.00
-1400.00 282.13 1000.00
-1300.00 291.99 1000.00
-1200.00 247.35 1000.00
-1100.00 197.74 1000.00
-1000.00 177.77 1000.00
-900.00 171.34 1000.00
-800.00 163.47 1000.00
-700.00 140.36 1000.00
-600.00 135.71 1000.00
-500.00 106.78 1000.00
-400.00 75.67 1000.00
-300.00 64.19 1000.00
-200.00 53.24 1000.00
-100.00 60.98 1000.00
0.00 63.68 1000.00
100.00 68.95 1000.00
200.00 95.05 1000.00
300.00 92.30 1000.00
400.00 83.24 1000.00
500.00 77.34 1000.00
600.00 72.30 1000.00
700.00 76.72 1000.00
800.00 74.67 1000.00
900.00 80.05 1000.00
1000.00 92.09 1000.00
1100.00 91.82 1000.00
1200.00 91.27 1000.00
1300.00 84.45 1000.00
1400.00 76.04 1000.00
1500.00 61.80 1000.00
1600.00 38.59 1000.00
1700.00 30.38 1000.00
1800.00 20.67 1000.00
1900.00 17.05 1000.00
2000.00 12.68 1000.00
2100.00 15.46 1000.00
2200.00 36.76 1000.00
2300.00 64.29 1000.00
2400.00 80.35 1000.00
2500.00 91.15 1000.00
-2500.00 243.83 900.00
-2400.00 244.36 900.00
-2300.00 212.57 900.00
-2200.00 181.42 900.00
-2100.00 166.51 900.00
-2000.00 181.49 900.00
-1900.00 223.63 900.00
-1800.00 264.91 900.00
-1700.00 291.88 900.00
-1600.00 308.17 900.00
-1500.00 303.62 900.00
-1400.00 303.64 900.00
-1300.00 273.86 900.00
-1200.00 212.20 900.00
-1100.00 188.81 900.00
-1000.00 164.48 900.00
-900.00 158.06 900.00
-800.00 146.18 900.00
-700.00 134.45 900.00
-600.00 111.89 900.00
-500.00 93.44 900.00
-400.00 59.44 900.00
-300.00 44.42 900.00
-200.00 51.75 900.00
-100.00 55.63 900.00
0.00 67.30 900.00
100.00 86.05 900.00
200.00 92.23 900.00
300.00 108.57 900.00
400.00 100.12 900.00
500.00 103.15 900.00
600.00 96.04 900.00
700.00 87.95 900.00
800.00 98.66 900.00
900.00 101.69 900.00
1000.00 100.95 900.00
1100.00 116.00 900.00
1200.00 110.65 900.00
1300.00 102.40 900.00
1400.00 86.69 900.00
1500.00 73.05 900.00
1600.00 49.23 900.00
1700.00 41.97 900.00
1800.00 31.50 900.00
1900.00 20.98 900.00
2000.00 21.82 900.00
2100.00 27.74 900.00
2200.00 49.50 900.00
2300.00 78.91 900.00
2400.00 94.86 900.00
2500.00 100.29 900.00
-2500.00 255.99 800.00
-2400.00 242.92 800.00
-2300.00 205.21 800.00
-2200.00 161.19 800.00
-2100.00 147.95 800.00
-2000.00 156.31 800.00
-1900.00 200.50 800.00
-1800.00 241.12 800.00
-1700.00 286.20 800.00
-1600.00 293.73 800.00
-1500.00 302.90 800.00
-1400.00 277.14 800.00
-1300.00 248.35 800.00
-1200.00 186.31 800.00
-1100.00 163.06 800.00
-1000.00 146.43 800.00
-900.00 133.17 800.00
-800.00 126.08 800.00
-700.00 132.31 800.00
-600.00 104.31 800.00
-500.00 66.97 800.00
-400.00 51.08 800.00
-300.00 29.97 800.00
-200.00 37.50 800.00
-100.00 54.53 800.00
0.00 62.81 800.00
100.00 73.45 800.00
200.00 89.06 800.00
300.00 102.37 800.00
400.00 109.87 800.00
500.00 91.98 800.00
600.00 101.88 800.00
700.00 97.30 800.00
800.00 95.50 800.00
900.00 108.34 800.00
1000.00 114.43 800.00
1100.00 129.66 800.00
1200.00 115.64 800.00
1300.00 111.19 800.00
1400.00 87.22 800.00
1500.00 73.15 800.00
1600.00 55.13 800.00
1700.00 48.19 800.00
1800.00 35.41 800.00
1900.00 29.29 800.00
2000.00 30.08 800.00
2100.00 38.98 800.00
2200.00 67.99 800.00
2300.00 103.83 800.00
2400.00 106.99 800.00
2500.00 113.20 800.00
-2500.00 255.70 700.00
-2400.00 232.05 700.00
-2300.00 190.62 700.00
-2200.00 147.72 700.00
-2100.00 120.69 700.00
-2000.00 136.20 700.00
-1900.00 171.66 700.00
-1800.00 229.10 700.00
-1700.00 274.08 700.00
-1600.00 263.50 700.00
-1500.00 270.34 700.00
-1400.00 244.94 700.00
-1300.00 235.88 700.00
-1200.00 161.63 700.00
-1100.00 158.70 700.00
-1000.00 133.59 700.00
-900.00 123.45 700.00
-800.00 129.25 700.00
-700.00 112.34 700.00
-600.00 89.31 700.00
-500.00 57.37 700.00
-400.00 33.73 700.00
-300.00 19.61 700.00
-200.00 28.78 700.00
-100.00 47.86 700.00
0.00 54.43 700.00
100.00 67.24 700.00
200.00 71.16 700.00
300.00 83.57 700.00
400.00 95.09 700.00
500.00 86.16 700.00
600.00 90.89 700.00
700.00 98.59 700.00
800.00 115.16 700.00
900.00 123.58 700.00
1000.00 120.49 700.00
1100.00 137.41 700.00
1200.00 121.67 700.00
1300.00 100.37 700.00
1400.00 90.25 700.00
1500.00 70.05 700.00
1600.00 56.62 700.00
1700.00 44.14 700.00
1800.00 35.72 700.00
1900.00 33.11 700.00
2000.00 34.14 700.00
2100.00 44.53 700.00
2200.00 76.00 700.00
2300.00 107.06 700.00
2400.00 126.95 700.00
2500.00 132.41 700.00
-2500.00 255.86 600.00
-2400.00 227.83 600.00
-2300.00 178.71 600.00
-2200.00 131.39 600.00
-2100.00 109.21 600.00
-2000.00 120.97 600.00
-1900.00 158.01 600.00
-1800.00 207.84 600.00
-1700.00 224.23 600.00
-1600.00 251.21 600.00
-1500.00 229.34 600.00
-1400.00 226.02 600.00
-1300.00 191.86 600.00
-1200.00 140.21 600.00
-1100.00 127.17 600.00
-1000.00 130.81 600.00
-900.00 130.21 600.00
-800.00 124.13 600.00
-700.00 96.50 600.00
-600.00 70.08 600.00
-500.00 47.88 600.00
-400.00 23.89 600.00
-300.00 15.38 600.00
-200.00 16.52 600.00
-100.00 20.30 600.00
0.00 28.42 600.00
100.00 31.04 600.00
200.00 38.62 600.00
300.00 71.63 600.00
400.00 89.52 600.00
500.00 90.27 600.00
600.00 92.14 600.00
700.00 107.40 600.00
800.00 112.07 600.00
900.00 126.73 600.00
1000.00 143.26 600.00
1100.00 134.92 600.00
1200.00 118.68 600.00
1300.00 100.36 600.00
1400.00 86.70 600.00
1500.00 65.14 600.00
1600.00 52.29 600.00
1700.00 48.07 600.00
1800.00 41.20 600.00
1900.00 37.88 600.00
2000.00 34.98 600.00
2100.00 54.97 600.00
2200.00 77.23 600.00
2300.00 115.04 600.00
2400.00 137.94 600.00
2500.00 143.86 600.00
-2500.00 249.39 500.00
-2400.00 235.28 500.00
-2300.00 166.46 500.00
-2200.00 123.84 500.00
-2100.00 86.45 500.00
-2000.00 104.14 500.00
-1900.00 132.00 500.00
-1800.00 187.23 500.00
-1700.00 205.79 500.00
-1600.00 215.83 500.00
-1500.00 196.61 500.00
-1400.00 178.93 500.00
-1300.00 167.47 500.00
-1200.00 111.92 500.00
-1100.00 111.29 500.00
-1000.00 112.32 500.00
-900.00 108.58 500.00
-800.00 103.30 500.00
-700.00 79.32 500.00
-600.00 62.69 500.00
-500.00 40.41 500.00
-400.00 16.87 500.00
-300.00 5.07 500.00
-200.00 12.75 500.00
-100.00 24.10 500.00
0.00 29.97 500.00
100.00 37.57 500.00
200.00 46.86 500.00
300.00 48.76 500.00
400.00 75.49 500.00
500.00 82.39 500.00
600.00 92.24 500.00
700.00 101.32 500.00
800.00 113.41 500.00
900.00 143.75 500.00
1000.00 156.42 500.00
1100.00 140.29 500.00
1200.00 131.30 500.00
1300.00 97.74 500.00
1400.00 78.62 500.00
1500.00 63.00 500.00
1600.00 52.30 500.00
1700.00 49.79 500.00
1800.00 43.53 500.00
1900.00 37.53 500.00
2000.00 43.53 500.00
2100.00 59.64 500.00
2200.00 86.89 500.00
2300.00 108.42 500.00
2400.00 134.15 500.00
2500.00 144.86 500.00
-2500.00 268.16 400.00
-2400.00 221.65 400.00
-2300.00 174.69 400.00
-2200.00 117.65 400.00
-2100.00 80.26 400.00
-2000.00 83.99 400.00
-1900.00 116.67 400.00
-1800.00 138.49 400.00
-1700.00 166.86 400.00
-1600.00 168.88 400.00
-1500.00 181.57 400.00
-1400.00 162.51 400.00
-1300.00 153.31 400.00
-1200.00 101.15 400.00
-1100.00 110.53 400.00
-1000.00 108.23 400.00
-900.00 107.02 400.00
-800.00 85.49 400.00
-700.00 67.34 400.00
-600.00 54.02 400.00
-500.00 28.50 400.00
-400.00 11.02 400.00
-300.00 9.95 400.00
-200.00 21.48 400.00
-100.00 25.32 400.00
0.00 32.68 400.00
100.00 40.89 400.00
200.00 42.76 400.00
300.00 53.35 400.00
400.00 60.36 400.00
500.00 63.70 400.00
600.00 77.41 400.00
700.00 91.94 400.00
800.00 113.47 400.00
900.00 129.01 400.00
1000.00 121.12 400.00
1100.00 148.86 400.00
1200.00 121.67 400.00
1300.00 96.31 400.00
1400.00 82.79 400.00
1500.00 63.31 400.00
1600.00 52.68 400.00
1700.00 50.74 400.00
1800.00 42.68 400.00
1900.00 41.88 400.00
2000.00 48.35 400.00
2100.00 62.30 400.00
2200.00 95.15 400.00
2300.00 119.76 400.00
2400.00 129.28 400.00
2500.00 129.00 400.00
-2500.00 246.52 300.00
-2400.00 225.17 300.00
-2300.00 158.97 300.00
-2200.00 113.28 300.00
-2100.00 70.65 300.00
-2000.00 63.11 300.00
-1900.00 101.51 300.00
-1800.00 116.93 300.00
-1700.00 128.85 300.00
-1600.00 135.07 300.00
-1500.00 132.36 300.00
-1400.00 126.39 300.00
-1300.00 116.41 300.00
-1200.00 120.54 300.00
-1100.00 96.50 300.00
-1000.00 88.60 300.00
-900.00 93.66 300.00
-800.00 78.85 300.00
-700.00 60.90 300.00
-600.00 39.63 300.00
-500.00 19.15 300.00
-400.00 6.61 300.00
-300.00 11.69 300.00
-200.00 21.73 300.00
-100.00 32.74 300.00
0.00 46.45 300.00
100.00 39.85 300.00
200.00 50.83 300.00
300.00 50.07 300.00
400.00 53.21 300.00
500.00 61.84 300.00
600.00 73.65 300.00
700.00 103.66 300.00
800.00 110.10 300.00
900.00 132.86 300.00
1000.00 115.68 300.00
1100.00 101.70 300.00
1200.00 110.14 300.00
1300.00 89.71 300.00
1400.00 72.49 300.00
1500.00 60.34 300.00
1600.00 62.08 300.00
1700.00 54.17 300.00
1800.00 55.45 300.00
1900.00 50.88 300.00
2000.00 49.87 300.00
2100.00 67.26 300.00
2200.00 95.28 300.00
2300.00 110.20 300.00
2400.00 140.03 300.00
2500.00 135.99 300.00
-2500.00 262.84 200.00
-2400.00 216.87 200.00
-2300.00 163.00 200.00
-2200.00 105.05 200.00
-2100.00 54.58 200.00
-2000.00 53.10 200.00
-1900.00 79.09 200.00
-1800.00 99.44 200.00
-1700.00 108.62 200.00
-1600.00 108.31 200.00
-1500.00 116.55 200.00
-1400.00 111.16 200.00
-1300.00 104.89 200.00
-1200.00 104.86 200.00
-1100.00 97.80 200.00
-1000.00 79.34 200.00
-900.00 67.72 200.00
-800.00 56.20 200.00
-700.00 41.70 200.00
-600.00 22.57 200.00
-500.00 8.14 200.00
-400.00 9.92 200.00
-300.00 16.28 200.00
-200.00 28.61 200.00
-100.00 39.42 200.00
0.00 38.45 200.00
100.00 44.33 200.00
200.00 43.14 200.00
300.00 46.42 200.00
400.00 52.69 200.00
500.00 66.64 200.00
600.00 78.00 200.00
700.00 98.55 200.00
800.00 111.76 200.00
900.00 113.79 200.00
1000.00 102.99 200.00
1100.00 99.19 200.00
1200.00 71.52 200.00
1300.00 85.97 200.00
1400.00 75.02 200.00
1500.00 69.12 200.00
1600.00 62.58 200.00
1700.00 65.96 200.00
1800.00 62.42 200.00
1900.00 58.10 200.00
2000.00 58.92 200.00
2100.00 65.78 200.00
2200.00 91.89 200.00
2300.00 106.26 200.00
2400.00 124.17 200.00
2500.00 116.49 200.00
-2500.00 257.38 100.00
-2400.00 228.40 100.00
-2300.00 157.67 100.00
-2200.00 96.12 100.00
-2100.00 43.25 100.00
-2000.00 39.13 100.00
-1900.00 51.93 100.00
-1800.00 68.68 100.00
-1700.00 74.12 100.00
-1600.00 80.85 100.00
-1500.00 79.41 100.00
-1400.00 77.58 100.00
-1300.00 76.56 100.00
-1200.00 79.58 100.00
-1100.00 71.28 100.00
-1000.00 60.02 100.00
-900.00 58.40 100.00
-800.00 38.09 100.00
-700.00 24.74 100.00
-600.00 12.60 100.00
-500.00 3.40 100.00
-400.00 9.24 100.00
-300.00 20.37 100.00
-200.00 32.63 100.00
-100.00 33.97 100.00
0.00 43.96 100.00
100.00 46.88 100.00
200.00 46.07 100.00
300.00 50.47 100.00
400.00 55.17 100.00
500.00 77.58 100.00
600.00 80.23 100.00
700.00 90.83 100.00
800.00 97.01 100.00
900.00 95.94 100.00
1000.00 89.15 100.00
1100.00 68.81 100.00
1200.00 48.59 100.00
1300.00 82.95 100.00
1400.00 64.47 100.00
1500.00 70.98 100.00
1600.00 71.79 100.00
1700.00 72.71 100.00
1800.00 75.09 100.00
1900.00 69.60 100.00
2000.00 69.28 100.00
2100.00 74.96 100.00
2200.00 92.72 100.00
2300.00 114.09 100.00
2400.00 125.75 100.00
2500.00 116.98 100.00
-2500.00 166.55 0.00
-2400.00 144.54 0.00
-2300.00 159.83 0.00
-2200.00 94.30 0.00
-2100.00 35.65 0.00
-2000.00 27.67 0.00
-1900.00 37.88 0.00
-1800.00 54.40 0.00
-1700.00 55.14 0.00
-1600.00 58.82 0.00
-1500.00 54.39 0.00
-1400.00 46.38 0.00
-1300.00 53.26 0.00
-1200.00 51.81 0.00
-1100.00 52.64 0.00
-1000.00 45.04 0.00
-900.00 35.62 0.00
-800.00 25.55 0.00
-700.00 12.82 0.00
-600.00 4.09 0.00
-500.00 4.89 0.00
-400.00 12.77 0.00
-300.00 21.93 0.00
-200.00 35.59 0.00
-100.00 40.87 0.00
0.00 45.42 0.00
100.00 56.91 0.00
200.00 59.36 0.00
300.00 70.45 0.00
400.00 70.04 0.00
500.00 78.29 0.00
600.00 95.31 0.00
700.00 98.21 0.00
800.00 91.06 0.00
900.00 77.27 0.00
1000.00 69.23 0.00
1100.00 51.56 0.00
1200.00 48.32 0.00
1300.00 72.17 0.00
1400.00 68.94 0.00
1500.00 37.15 0.00
1600.00 58.36 0.00
1700.00 80.63 0.00
1800.00 81.08 0.00
1900.00 79.57 0.00
2000.00 60.99 0.00
2100.00 78.63 0.00
2200.00 80.81 0.00
2300.00 116.04 0.00
2400.00 132.23 0.00
2500.00 126.53 0.00
-2500.00 190.02 -100.00
-2400.00 158.52 -100.00
-2300.00 111.70 -100.00
-2200.00 69.80 -100.00
-2100.00 36.43 -100.00
-2000.00 25.69 -100.00
-1900.00 34.64 -100.00
-1800.00 50.47 -100.00
-1700.00 44.23 -100.00
-1600.00 38.39 -100.00
-1500.00 32.22 -100.00
-1400.00 31.81 -100.00
-1300.00 25.71 -100.00
-1200.00 26.20 -100.00
-1100.00 23.56 -100.00
-1000.00 22.38 -100.00
-900.00 15.99 -100.00
-800.00 11.04 -100.00
-700.00 5.84 -100.00
-600.00 0.63 -100.00
-500.00 5.85 -100.00
-400.00 13.08 -100.00
-300.00 28.69 -100.00
-200.00 36.73 -100.00
-100.00 54.98 -100.00
0.00 62.40 -100.00
100.00 70.64 -100.00
200.00 84.93 -100.00
300.00 88.75 -100.00
400.00 86.29 -100.00
500.00 99.11 -100.00
600.00 89.25 -100.00
700.00 92.92 -100.00
800.00 74.20 -100.00
900.00 68.40 -100.00
1000.00 44.30 -100.00
1100.00 35.25 -100.00
1200.00 43.61 -100.00
1300.00 56.81 -100.00
1400.00 44.59 -100.00
1500.00 43.85 -100.00
1600.00 68.50 -100.00
1700.00 83.58 -100.00
1800.00 85.70 -100.00
1900.00 88.78 -100.00
2000.00 62.87 -100.00
2100.00 44.55 -100.00
2200.00 85.84 -100.00
2300.00 112.65 -100.00
2400.00 128.69 -100.00
2500.00 130.79 -100.00
-2500.00 191.86 -200.00
-2400.00 150.46 -200.00
-2300.00 121.82 -200.00
-2200.00 71.48 -200.00
-2100.00 38.70 -200.00
-2000.00 26.47 -200.00
-1900.00 44.28 -200.00
-1800.00 56.58 -200.00
-1700.00 42.57 -200.00
-1600.00 37.53 -200.00
-1500.00 34.19 -200.00
-1400.00 32.41 -200.00
-1300.00 22.83 -200.00
-1200.00 16.12 -200.00
-1100.00 14.50 -200.00
-1000.00 10.17 -200.00
-900.00 8.47 -200.00
-800.00 4.35 -200.00
-700.00 0.40 -200.00
-600.00 0.02 -200.00
-500.00 5.61 -200.00
-400.00 16.50 -200.00
-300.00 26.11 -200.00
-200.00 40.25 -200.00
-100.00 59.82 -200.00
0.00 75.96 -200.00
100.00 91.19 -200.00
200.00 93.10 -200.00
300.00 105.21 -200.00
400.00 98.59 -200.00
500.00 106.51 -200.00
600.00 91.59 -200.00
700.00 86.45 -200.00
800.00 61.16 -200.00
900.00 43.04 -200.00
1000.00 33.70 -200.00
1100.00 39.89 -200.00
1200.00 43.91 -200.00
1300.00 45.41 -200.00
1400.00 47.75 -200.00
1500.00 39.71 -200.00
1600.00 61.53 -200.00
1700.00 85.49 -200.00
1800.00 86.23 -200.00
1900.00 88.40 -200.00
2000.00 74.47 -200.00
2100.00 48.76 -200.00
2200.00 87.48 -200.00
2300.00 108.60 -200.00
2400.00 115.13 -200.00
2500.00 127.76 -200.00
-2500.00 179.13 -300.00
-2400.00 166.37 -300.00
-2300.00 122.98 -300.00
-2200.00 78.65 -300.00
-2100.00 41.33 -300.00
-2000.00 35.02 -300.00
-1900.00 46.00 -300.00
-1800.00 46.62 -300.00
-1700.00 40.84 -300.00
-1600.00 36.86 -300.00
-1500.00 41.09 -300.00
-1400.00 39.96 -300.00
-1300.00 31.81 -300.00
-1200.00 27.85 -300.00
-1100.00 16.07 -300.00
-1000.00 6.12 -300.00
-900.00 0.90 -300.00
-800.00 0.00 -300.00
-700.00 0.00 -300.00
-600.00 0.00 -300.00
-500.00 5.80 -300.00
-400.00 13.56 -300.00
-300.00 25.94 -300.00
-200.00 46.90 -300.00
-100.00 60.96 -300.00
0.00 84.80 -300.00
100.00 87.21 -300.00
200.00 101.21 -300.00
300.00 113.30 -300.00
400.00 106.74 -300.00
500.00 88.79 -300.00
600.00 84.78 -300.00
700.00 72.10 -300.00
800.00 46.04 -300.00
900.00 34.70 -300.00
1000.00 27.89 -300.00
1100.00 32.77 -300.00
1200.00 38.46 -300.00
1300.00 43.62 -300.00
1400.00 48.31 -300.00
1500.00 46.97 -300.00
1600.00 61.77 -300.00
1700.00 86.80 -300.00
1800.00 100.47 -300.00
1900.00 90.70 -300.00
2000.00 76.72 -300.00
2100.00 52.67 -300.00
2200.00 63.58 -300.00
2300.00 102.62 -300.00
2400.00 133.26 -300.00
2500.00 122.97 -300.00
-2500.00 193.29 -400.00
-2400.00 174.56 -400.00
-2300.00 122.97 -400.00
-2200.00 73.57 -400.00
-2100.00 42.55 -400.00
-2000.00 32.74 -400.00
-1900.00 55.08 -400.00
-1800.00 47.29 -400.00
-1700.00 40.13 -400.00
-1600.00 58.22 -400.00
-1500.00 53.74 -400.00
-1400.00 63.38 -400.00
-1300.00 43.10 -400.00
-1200.00 30.96 -400.00
-1100.00 20.54 -400.00
-1000.00 6.52 -400.00
-900.00 1.23 -400.00
-800.00 0.00 -400.00
-700.00 0.00 -400.00
-600.00 0.00 -400.00
-500.00 3.91 -400.00
-400.00 11.88 -400.00
-300.00 27.56 -400.00
-200.00 40.82 -400.00
-100.00 55.67 -400.00
0.00 84.03 -400.00
100.00 101.22 -400.00
200.00 105.54 -400.00
300.00 117.23 -400.00
400.00 105.29 -400.00
500.00 83.38 -400.00
600.00 68.32 -400.00
700.00 55.01 -400.00
800.00 29.51 -400.00
900.00 25.44 -400.00
1000.00 24.52 -400.00
1100.00 27.57 -400.00
1200.00 34.06 -400.00
1300.00 42.00 -400.00
1400.00 44.16 -400.00
1500.00 47.52 -400.00
1600.00 52.84 -400.00
1700.00 78.72 -400.00
1800.00 103.87 -400.00
1900.00 90.35 -400.00
2000.00 75.06 -400.00
2100.00 58.42 -400.00
2200.00 58.25 -400.00
2300.00 92.72 -400.00
2400.00 109.20 -400.00
2500.00 124.41 -400.00
-2500.00 223.13 -500.00
-2400.00 184.97 -500.00
-2300.00 136.40 -500.00
-2200.00 80.56 -500.00
-2100.00 43.25 -500.00
-2000.00 39.63 -500.00
-1900.00 61.07 -500.00
-1800.00 52.44 -500.00
-1700.00 45.71 -500.00
-1600.00 64.72 -500.00
-1500.00 58.15 -500.00
-1400.00 66.14 -500.00
-1300.00 45.41 -500.00
-1200.00 35.08 -500.00
-1100.00 18.20 -500.00
-1000.00 6.28 -500.00
-900.00 1.84 -500.00
-800.00 0.00 -500.00
-700.00 0.00 -500.00
-600.00 0.00 -500.00
-500.00 1.29 -500.00
-400.00 7.96 -500.00
-300.00 19.84 -500.00
-200.00 32.06 -500.00
-100.00 53.93 -500.00
0.00 68.66 -500.00
100.00 85.99 -500.00
200.00 85.23 -500.00
300.00 98.78 -500.00
400.00 92.80 -500.00
500.00 102.01 -500.00
600.00 87.88 -500.00
700.00 33.98 -500.00
800.00 28.60 -500.00
900.00 24.69 -500.00
1000.00 23.00 -500.00
1100.00 22.44 -500.00
1200.00 29.82 -500.00
1300.00 46.20 -500.00
1400.00 53.13 -500.00
1500.00 57.28 -500.00
1600.00 57.76 -500.00
1700.00 82.12 -500.00
1800.00 101.96 -500.00
1900.00 109.11 -500.00
2000.00 80.93 -500.00
2100.00 61.51 -500.00
2200.00 54.31 -500.00
2300.00 82.44 -500.00
2400.00 112.59 -500.00
2500.00 109.14 -500.00
-2500.00 235.25 -600.00
-2400.00 207.22 -600.00
-2300.00 151.70 -600.00
-2200.00 91.00 -600.00
-2100.00 41.60 -600.00
-2000.00 37.25 -600.00
-1900.00 58.73 -600.00
-1800.00 50.38 -600.00
-1700.00 55.24 -600.00
-1600.00 60.73 -600.00
-1500.00 65.96 -600.00
-1400.00 55.32 -600.00
-1300.00 44.32 -600.00
-1200.00 31.20 -600.00
-1100.00 14.90 -600.00
-1000.00 5.29 -600.00
-900.00 0.44 -600.00
-800.00 0.00 -600.00
-700.00 0.00 -600.00
-600.00 0.00 -600.00
-500.00 0.00 -600.00
-400.00 4.22 -600.00
-300.00 12.11 -600.00
-200.00 19.90 -600.00
-100.00 36.55 -600.00
0.00 44.00 -600.00
100.00 57.37 -600.00
200.00 62.03 -600.00
300.00 69.33 -600.00
400.00 75.32 -600.00
500.00 65.64 -600.00
600.00 62.53 -600.00
700.00 53.46 -600.00
800.00 32.00 -600.00
900.00 22.41 -600.00
1000.00 23.55 -600.00
1100.00 24.46 -600.00
1200.00 29.88 -600.00
1300.00 39.31 -600.00
1400.00 57.41 -600.00
1500.00 61.67 -600.00
1600.00 67.98 -600.00
1700.00 83.61 -600.00
1800.00 102.34 -600.00
1900.00 104.34 -600.00
2000.00 92.52 -600.00
2100.00 69.35 -600.00
2200.00 38.66 -600.00
2300.00 61.77 -600.00
2400.00 79.67 -600.00
2500.00 103.04 -600.00
-2500.00 240.72 -700.00
-2400.00 220.86 -700.00
-2300.00 152.20 -700.00
-2200.00 88.36 -700.00
-2100.00 41.25 -700.00
-2000.00 36.18 -700.00
-1900.00 54.28 -700.00
-1800.00 85.21 -700.00
-1700.00 51.96 -700.00
-1600.00 60.02 -700.00
-1500.00 60.20 -700.00
-1400.00 48.79 -700.00
-1300.00 36.36 -700.00
-1200.00 18.90 -700.00
-1100.00 7.28 -700.00
-1000.00 2.74 -700.00
-900.00 0.00 -700.00
-800.00 0.00 -700.00
-700.00 0.00 -700.00
-600.00 0.00 -700.00
-500.00 0.00 -700.00
-400.00 0.06 -700.00
-300.00 5.05 -700.00
-200.00 13.86 -700.00
-100.00 20.35 -700.00
0.00 31.65 -700.00
100.00 32.32 -700.00
200.00 38.77 -700.00
300.00 49.80 -700.00
400.00 51.60 -700.00
500.00 48.43 -700.00
600.00 54.94 -700.00
700.00 41.09 -700.00
800.00 36.47 -700.00
900.00 24.66 -700.00
1000.00 25.10 -700.00
1100.00 25.98 -700.00
1200.00 31.92 -700.00
1300.00 41.16 -700.00
1400.00 59.67 -700.00
1500.00 68.10 -700.00
1600.00 62.25 -700.00
1700.00 74.82 -700.00
1800.00 93.27 -700.00
1900.00 101.15 -700.00
2000.00 83.93 -700.00
2100.00 58.09 -700.00
2200.00 44.57 -700.00
2300.00 49.08 -700.00
2400.00 69.77 -700.00
2500.00 77.54 -700.00
-2500.00 271.28 -800.00
-2400.00 225.51 -800.00
-2300.00 159.32 -800.00
-2200.00 92.73 -800.00
-2100.00 42.28 -800.00
-2000.00 39.00 -800.00
-1900.00 64.31 -800.00
-1800.00 90.91 -800.00
-1700.00 116.31 -800.00
-1600.00 72.72 -800.00
-1500.00 58.17 -800.00
-1400.00 48.43 -800.00
-1300.00 28.27 -800.00
-1200.00 18.42 -800.00
-1100.00 10.01 -800.00
-1000.00 3.56 -800.00
-900.00 0.00 -800.00
-800.00 0.00 -800.00
-700.00 0.00 -800.00
-600.00 0.00 -800.00
-500.00 0.00 -800.00
-400.00 0.00 -800.00
-300.00 0.27 -800.00
-200.00 4.87 -800.00
-100.00 8.32 -800.00
0.00 14.42 -800.00
100.00 14.88 -800.00
200.00 21.74 -800.00
300.00 28.18 -800.00
400.00 32.91 -800.00
500.00 46.34 -800.00
600.00 45.45 -800.00
700.00 49.60 -800.00
800.00 44.70 -800.00
900.00 32.90 -800.00
1000.00 32.52 -800.00
1100.00 29.50 -800.00
1200.00 36.66 -800.00
1300.00 44.02 -800.00
1400.00 65.15 -800.00
1500.00 72.60 -800.00
1600.00 69.52 -800.00
1700.00 69.09 -800.00
1800.00 87.69 -800.00
1900.00 88.68 -800.00
2000.00 82.07 -800.00
2100.00 69.54 -800.00
2200.00 47.67 -800.00
2300.00 65.16 -800.00
2400.00 91.47 -800.00
2500.00 89.65 -800.00
-2500.00 196.68 -900.00
-2400.00 236.98 -900.00
-2300.00 165.34 -900.00
-2200.00 101.77 -900.00
-2100.00 41.75 -900.00
-2000.00 42.14 -900.00
-1900.00 63.84 -900.00
-1800.00 88.36 -900.00
-1700.00 116.19 -900.00
-1600.00 121.34 -900.00
-1500.00 71.68 -900.00
-1400.00 64.22 -900.00
-1300.00 45.30 -900.00
-1200.00 29.68 -900.00
-1100.00 15.75 -900.00
-1000.00 7.38 -900.00
-900.00 1.45 -900.00
-800.00 0.00 -900.00
-700.00 0.00 -900.00
-600.00 0.00 -900.00
-500.00 0.00 -900.00
-400.00 0.00 -900.00
-300.00 0.00 -900.00
-200.00 0.00 -900.00
-100.00 1.74 -900.00
0.00 3.26 -900.00
100.00 3.44 -900.00
200.00 6.93 -900.00
300.00 16.24 -900.00
400.00 26.63 -900.00
500.00 44.86 -900.00
600.00 50.62 -900.00
700.00 50.59 -900.00
800.00 53.22 -900.00
900.00 41.24 -900.00
1000.00 45.32 -900.00
1100.00 40.10 -900.00
1200.00 49.36 -900.00
1300.00 58.79 -900.00
1400.00 70.58 -900.00
1500.00 90.63 -900.00
1600.00 112.90 -900.00
1700.00 71.97 -900.00
1800.00 64.19 -900.00
1900.00 113.25 -900.00
2000.00 103.37 -900.00
2100.00 59.71 -900.00
2200.00 50.06 -900.00
2300.00 88.32 -900.00
2400.00 105.29 -900.00
2500.00 108.70 -900.00
-2500.00 216.22 -1000.00
-2400.00 183.73 -1000.00
-2300.00 132.61 -1000.00
-2200.00 99.22 -1000.00
-2100.00 45.28 -1000.00
-2000.00 43.22 -1000.00
-1900.00 65.03 -1000.00
-1800.00 107.60 -1000.00
-1700.00 121.08 -1000.00
-1600.00 129.27 -1000.00
-1500.00 130.82 -1000.00
-1400.00 102.36 -1000.00
-1300.00 73.88 -1000.00
-1200.00 39.37 -1000.00
-1100.00 19.38 -1000.00
-1000.00 12.51 -1000.00
-900.00 3.36 -1000.00
-800.00 0.23 -1000.00
-700.00 0.00 -1000.00
-600.00 0.00 -1000.00
-500.00 0.00 -1000.00
-400.00 0.00 -1000.00
-300.00 0.00 -1000.00
-200.00 0.00 -1000.00
-100.00 0.00 -1000.00
0.00 0.00 -1000.00
100.00 0.00 -1000.00
200.00 2.72 -1000.00
300.00 12.08 -1000.00
400.00 25.24 -1000.00
500.00 36.16 -1000.00
600.00 58.50 -1000.00
700.00 55.63 -1000.00
800.00 54.41 -1000.00
900.00 57.05 -1000.00
1000.00 55.69 -1000.00
1100.00 47.74 -1000.00
1200.00 56.75 -1000.00
1300.00 67.58 -1000.00
1400.00 64.49 -1000.00
1500.00 90.36 -1000.00
1600.00 103.69 -1000.00
1700.00 121.49 -1000.00
1800.00 116.62 -1000.00
1900.00 99.82 -1000.00
2000.00 75.66 -1000.00
2100.00 50.59 -1000.00
2200.00 57.23 -1000.00
2300.00 88.66 -1000.00
2400.00 118.53 -1000.00
2500.00 117.20 -1000.00
-2500.00 213.87 -1100.00
-2400.00 183.96 -1100.00
-2300.00 127.27 -1100.00
-2200.00 77.55 -1100.00
-2100.00 44.17 -1100.00
-2000.00 43.95 -1100.00
-1900.00 65.08 -1100.00
-1800.00 88.76 -1100.00
-1700.00 98.16 -1100.00
-1600.00 98.51 -1100.00
-1500.00 80.87 -1100.00
-1400.00 119.80 -1100.00
-1300.00 90.63 -1100.00
-1200.00 58.07 -1100.00
-1100.00 34.07 -1100.00
-1000.00 17.95 -1100.00
-900.00 8.04 -1100.00
-800.00 5.43 -1100.00
-700.00 5.70 -1100.00
-600.00 4.07 -1100.00
-500.00 3.52 -1100.00
-400.00 3.09 -1100.00
-300.00 2.33 -1100.00
-200.00 2.64 -1100.00
-100.00 3.37 -1100.00
0.00 2.76 -1100.00
100.00 1.40 -1100.00
200.00 1.77 -1100.00
300.00 10.68 -1100.00
400.00 27.12 -1100.00
500.00 41.50 -1100.00
600.00 53.43 -1100.00
700.00 53.32 -1100.00
800.00 54.51 -1100.00
900.00 59.19 -1100.00
1000.00 56.93 -1100.00
1100.00 55.41 -1100.00
1200.00 52.81 -1100.00
1300.00 61.08 -1100.00
1400.00 69.90 -1100.00
1500.00 83.15 -1100.00
1600.00 98.95 -1100.00
1700.00 101.67 -1100.00
1800.00 92.69 -1100.00
1900.00 92.13 -1100.00
2000.00 60.85 -1100.00
2100.00 63.26 -1100.00
2200.00 60.99 -1100.00
2300.00 85.09 -1100.00
2400.00 120.21 -1100.00
2500.00 126.18 -1100.00
-2500.00 215.54 -1200.00
-2400.00 171.43 -1200.00
-2300.00 116.26 -1200.00
-2200.00 67.53 -1200.00
-2100.00 33.94 -1200.00
-2000.00 42.72 -1200.00
-1900.00 73.48 -1200.00
-1800.00 85.89 -1200.00
-1700.00 106.99 -1200.00
-1600.00 104.47 -1200.00
-1500.00 78.98 -1200.00
-1400.00 87.15 -1200.00
-1300.00 109.92 -1200.00
-1200.00 71.85 -1200.00
-1100.00 50.11 -1200.00
-1000.00 39.64 -1200.00
-900.00 30.60 -1200.00
-800.00 26.18 -1200.00
-700.00 24.43 -1200.00
-600.00 22.64 -1200.00
-500.00 21.41 -1200.00
-400.00 15.28 -1200.00
-300.00 15.59 -1200.00
-200.00 15.18 -1200.00
-100.00 10.65 -1200.00
0.00 10.90 -1200.00
100.00 6.96 -1200.00
200.00 3.26 -1200.00
300.00 8.48 -1200.00
400.00 17.93 -1200.00
500.00 28.86 -1200.00
600.00 39.89 -1200.00
700.00 56.56 -1200.00
800.00 53.12 -1200.00
900.00 56.37 -1200.00
1000.00 58.48 -1200.00
1100.00 49.95 -1200.00
1200.00 55.41 -1200.00
1300.00 65.42 -1200.00
1400.00 68.83 -1200.00
1500.00 91.56 -1200.00
1600.00 102.19 -1200.00
1700.00 100.63 -1200.00
1800.00 96.76 -1200.00
1900.00 70.65 -1200.00
2000.00 54.87 -1200.00
2100.00 48.91 -1200.00
2200.00 64.15 -1200.00
2300.00 85.04 -1200.00
2400.00 120.03 -1200.00
2500.00 113.91 -1200.00
-2500.00 233.63 -1300.00
-2400.00 190.16 -1300.00
-2300.00 120.46 -1300.00
-2200.00 63.69 -1300.00
-2100.00 32.41 -1300.00
-2000.00 41.66 -1300.00
-1900.00 63.19 -1300.00
-1800.00 88.11 -1300.00
-1700.00 94.30 -1300.00
-1600.00 101.02 -1300.00
-1500.00 100.57 -1300.00
-1400.00 102.26 -1300.00
-1300.00 95.77 -1300.00
-1200.00 101.46 -1300.00
-1100.00 76.43 -1300.00
-1000.00 59.80 -1300.00
-900.00 51.64 -1300.00
-800.00 55.13 -1300.00
-700.00 54.24 -1300.00
-600.00 55.05 -1300.00
-500.00 44.32 -1300.00
-400.00 37.95 -1300.00
-300.00 33.44 -1300.00
-200.00 26.99 -1300.00
-100.00 24.18 -1300.00
0.00 18.37 -1300.00
100.00 11.64 -1300.00
200.00 9.00 -1300.00
300.00 7.49 -1300.00
400.00 11.55 -1300.00
500.00 21.53 -1300.00
600.00 29.85 -1300.00
700.00 43.19 -1300.00
800.00 44.85 -1300.00
900.00 54.93 -1300.00
1000.00 47.39 -1300.00
1100.00 46.17 -1300.00
1200.00 47.09 -1300.00
1300.00 59.68 -1300.00
1400.00 77.30 -1300.00
1500.00 91.88 -1300.00
1600.00 100.72 -1300.00
1700.00 90.64 -1300.00
1800.00 78.63 -1300.00
1900.00 62.85 -1300.00
2000.00 38.43 -1300.00
2100.00 39.89 -1300.00
2200.00 53.87 -1300.00
2300.00 82.22 -1300.00
2400.00 98.57 -1300.00
2500.00 113.56 -1300.00
-2500.00 233.21 -1400.00
-2400.00 191.56 -1400.00
-2300.00 127.93 -1400.00
-2200.00 63.98 -1400.00
-2100.00 30.44 -1400.00
-2000.00 43.63 -1400.00
-1900.00 52.73 -1400.00
-1800.00 77.28 -1400.00
-1700.00 89.88 -1400.00
-1600.00 95.61 -1400.00
-1500.00 98.89 -1400.00
-1400.00 112.86 -1400.00
-1300.00 101.91 -1400.00
-1200.00 133.33 -1400.00
-1100.00 107.70 -1400.00
-1000.00 82.01 -1400.00
-900.00 90.21 -1400.00
-800.00 91.96 -1400.00
-700.00 90.84 -1400.00
-600.00 85.47 -1400.00
-500.00 70.92 -1400.00
-400.00 61.85 -1400.00
-300.00 47.67 -1400.00
-200.00 37.44 -1400.00
-100.00 33.52 -1400.00
0.00 25.57 -1400.00
100.00 16.00 -1400.00
200.00 12.40 -1400.00
300.00 5.57 -1400.00
400.00 7.29 -1400.00
500.00 15.45 -1400.00
600.00 23.72 -1400.00
700.00 31.78 -1400.00
800.00 39.27 -1400.00
900.00 38.38 -1400.00
1000.00 39.09 -1400.00
1100.00 40.64 -1400.00
1200.00 39.08 -1400.00
1300.00 49.62 -1400.00
1400.00 63.76 -1400.00
1500.00 85.62 -1400.00
1600.00 100.19 -1400.00
1700.00 86.71 -1400.00
1800.00 77.20 -1400.00
1900.00 62.68 -1400.00
2000.00 38.60 -1400.00
2100.00 37.28 -1400.00
2200.00 55.35 -1400.00
2300.00 86.69 -1400.00
2400.00 106.88 -1400.00
2500.00 118.06 -1400.00
-2500.00 229.40 -1500.00
-2400.00 176.18 -1500.00
-2300.00 116.72 -1500.00
-2200.00 67.33 -1500.00
-2100.00 28.31 -1500.00
-2000.00 31.82 -1500.00
-1900.00 45.45 -1500.00
-1800.00 72.81 -1500.00
-1700.00 82.57 -1500.00
-1600.00 81.39 -1500.00
-1500.00 103.97 -1500.00
-1400.00 99.50 -1500.00
-1300.00 106.23 -1500.00
-1200.00 93.75 -1500.00
-1100.00 118.89 -1500.00
-1000.00 108.81 -1500.00
-900.00 116.02 -1500.00
-800.00 124.08 -1500.00
-700.00 116.72 -1500.00
-600.00 115.55 -1500.00
-500.00 98.76 -1500.00
-400.00 77.45 -1500.00
-300.00 70.58 -1500.00
-200.00 56.37 -1500.00
-100.00 40.69 -1500.00
0.00 32.39 -1500.00
100.00 19.23 -1500.00
200.00 14.45 -1500.00
300.00 9.38 -1500.00
400.00 3.42 -1500.00
500.00 5.79 -1500.00
600.00 10.39 -1500.00
700.00 18.24 -1500.00
800.00 21.22 -1500.00
900.00 26.30 -1500.00
1000.00 27.00 -1500.00
1100.00 24.89 -1500.00
1200.00 29.88 -1500.00
1300.00 38.98 -1500.00
1400.00 61.94 -1500.00
1500.00 70.63 -1500.00
1600.00 84.45 -1500.00
1700.00 87.07 -1500.00
1800.00 83.86 -1500.00
1900.00 54.97 -1500.00
2000.00 40.73 -1500.00
2100.00 33.83 -1500.00
2200.00 59.21 -1500.00
2300.00 86.29 -1500.00
2400.00 112.05 -1500.00
2500.00 123.12 -1500.00
-2500.00 234.44 -1600.00
-2400.00 190.67 -1600.00
-2300.00 117.25 -1600.00
-2200.00 68.34 -1600.00
-2100.00 33.11 -1600.00
-2000.00 24.45 -1600.00
-1900.00 35.81 -1600.00
-1800.00 55.32 -1600.00
-1700.00 62.15 -1600.00
-1600.00 81.63 -1600.00
-1500.00 98.89 -1600.00
-1400.00 96.95 -1600.00
-1300.00 97.79 -1600.00
-1200.00 88.70 -1600.00
-1100.00 128.56 -1600.00
-1000.00 133.15 -1600.00
-900.00 121.53 -1600.00
-800.00 128.37 -1600.00
-700.00 142.55 -1600.00
-600.00 138.98 -1600.00
-500.00 117.29 -1600.00
-400.00 94.44 -1600.00
-300.00 72.25 -1600.00
-200.00 57.05 -1600.00
-100.00 40.39 -1600.00
0.00 31.69 -1600.00
100.00 26.41 -1600.00
200.00 14.29 -1600.00
300.00 9.28 -1600.00
400.00 3.01 -1600.00
500.00 0.77 -1600.00
600.00 4.71 -1600.00
700.00 8.27 -1600.00
800.00 11.02 -1600.00
900.00 14.14 -1600.00
1000.00 14.34 -1600.00
1100.00 11.17 -1600.00
1200.00 17.04 -1600.00
1300.00 33.51 -1600.00
1400.00 44.35 -1600.00
1500.00 70.18 -1600.00
1600.00 75.95 -1600.00
1700.00 84.40 -1600.00
1800.00 76.60 -1600.00
1900.00 59.08 -1600.00
2000.00 36.12 -1600.00
2100.00 33.74 -1600.00
2200.00 57.36 -1600.00
2300.00 79.81 -1600.00
2400.00 110.71 -1600.00
2500.00 124.57 -1600.00
-2500.00 227.20 -1700.00
-2400.00 175.95 -1700.00
-2300.00 123.71 -1700.00
-2200.00 70.80 -1700.00
-2100.00 41.88 -1700.00
-2000.00 11.72 -1700.00
-1900.00 25.46 -1700.00
-1800.00 40.08 -1700.00
-1700.00 46.20 -1700.00
-1600.00 74.03 -1700.00
-1500.00 89.72 -1700.00
-1400.00 87.57 -1700.00
-1300.00 84.84 -1700.00
-1200.00 137.62 -1700.00
-1100.00 132.78 -1700.00
-1000.00 121.86 -1700.00
-900.00 132.48 -1700.00
-800.00 139.67 -1700.00
-700.00 134.99 -1700.00
-600.00 129.61 -1700.00
-500.00 119.47 -1700.00
-400.00 93.59 -1700.00
-300.00 72.62 -1700.00
-200.00 47.92 -1700.00
-100.00 32.87 -1700.00
0.00 25.03 -1700.00
100.00 21.69 -1700.00
200.00 12.02 -1700.00
300.00 7.66 -1700.00
400.00 2.23 -1700.00
500.00 0.00 -1700.00
600.00 0.00 -1700.00
700.00 0.97 -1700.00
800.00 2.11 -1700.00
900.00 4.16 -1700.00
1000.00 4.41 -1700.00
1100.00 4.66 -1700.00
1200.00 9.22 -1700.00
1300.00 21.38 -1700.00
1400.00 38.34 -1700.00
1500.00 55.03 -1700.00
1600.00 74.70 -1700.00
1700.00 67.26 -1700.00
1800.00 63.37 -1700.00
1900.00 42.13 -1700.00
2000.00 32.08 -1700.00
2100.00 34.74 -1700.00
2200.00 59.71 -1700.00
2300.00 88.69 -1700.00
2400.00 109.42 -1700.00
2500.00 122.74 -1700.00
-2500.00 232.59 -1800.00
-2400.00 185.13 -1800.00
-2300.00 122.34 -1800.00
-2200.00 62.75 -1800.00
-2100.00 50.46 -1800.00
-2000.00 7.08 -1800.00
-1900.00 14.92 -1800.00
-1800.00 29.31 -1800.00
-1700.00 50.37 -1800.00
-1600.00 70.00 -1800.00
-1500.00 84.51 -1800.00
-1400.00 80.10 -1800.00
-1300.00 80.72 -1800.00
-1200.00 112.18 -1800.00
-1100.00 111.40 -1800.00
-1000.00 105.71 -1800.00
-900.00 116.05 -1800.00
-800.00 125.91 -1800.00
-700.00 123.67 -1800.00
-600.00 123.99 -1800.00
-500.00 104.96 -1800.00
-400.00 82.48 -1800.00
-300.00 62.33 -1800.00
-200.00 43.05 -1800.00
-100.00 30.47 -1800.00
0.00 17.83 -1800.00
100.00 11.06 -1800.00
200.00 8.51 -1800.00
300.00 3.24 -1800.00
400.00 0.51 -1800.00
500.00 0.00 -1800.00
600.00 0.00 -1800.00
700.00 0.00 -1800.00
800.00 0.00 -1800.00
900.00 0.00 -1800.00
1000.00 0.00 -1800.00
1100.00 0.00 -1800.00
1200.00 3.42 -1800.00
1300.00 14.58 -1800.00
1400.00 28.53 -1800.00
1500.00 41.11 -1800.00
1600.00 51.38 -1800.00
1700.00 57.72 -1800.00
1800.00 48.85 -1800.00
1900.00 37.71 -1800.00
2000.00 25.20 -1800.00
2100.00 34.88 -1800.00
2200.00 54.74 -1800.00
2300.00 87.63 -1800.00
2400.00 109.05 -1800.00
2500.00 129.26 -1800.00
-2500.00 209.30 -1900.00
-2400.00 167.32 -1900.00
-2300.00 114.85 -1900.00
-2200.00 64.91 -1900.00
-2100.00 33.44 -1900.00
-2000.00 12.17 -1900.00
-1900.00 15.12 -1900.00
-1800.00 26.31 -1900.00
-1700.00 44.59 -1900.00
-1600.00 66.62 -1900.00
-1500.00 72.51 -1900.00
-1400.00 76.71 -1900.00
-1300.00 97.54 -1900.00
-1200.00 91.43 -1900.00
-1100.00 90.00 -1900.00
-1000.00 87.35 -1900.00
-900.00 91.42 -1900.00
-800.00 103.93 -1900.00
-700.00 102.36 -1900.00
-600.00 100.15 -1900.00
-500.00 83.34 -1900.00
-400.00 67.28 -1900.00
-300.00 41.92 -1900.00
-200.00 25.63 -1900.00
-100.00 17.93 -1900.00
0.00 10.46 -1900.00
100.00 6.36 -1900.00
200.00 4.29 -1900.00
300.00 1.09 -1900.00
400.00 0.00 -1900.00
500.00 0.00 -1900.00
600.00 0.00 -1900.00
700.00 0.00 -1900.00
800.00 0.00 -1900.00
900.00 0.00 -1900.00
1000.00 0.00 -1900.00
1100.00 0.00 -1900.00
1200.00 0.82 -1900.00
1300.00 8.34 -1900.00
1400.00 20.05 -1900.00
1500.00 26.79 -1900.00
1600.00 34.42 -1900.00
1700.00 39.80 -1900.00
1800.00 34.04 -1900.00
1900.00 25.52 -1900.00
2000.00 17.94 -1900.00
2100.00 29.46 -1900.00
2200.00 60.91 -1900.00
2300.00 97.63 -1900.00
2400.00 114.03 -1900.00
2500.00 130.73 -1900.00
-2500.00 170.60 -2000.00
-2400.00 163.27 -2000.00
-2300.00 118.18 -2000.00
-2200.00 80.76 -2000.00
-2100.00 39.70 -2000.00
-2000.00 13.22 -2000.00
-1900.00 20.91 -2000.00
-1800.00 31.35 -2000.00
-1700.00 48.39 -2000.00
-1600.00 64.82 -2000.00
-1500.00 76.49 -2000.00
-1400.00 78.09 -2000.00
-1300.00 76.79 -2000.00
-1200.00 81.63 -2000.00
-1100.00 71.77 -2000.00
-1000.00 71.17 -2000.00
-900.00 72.06 -2000.00
-800.00 79.50 -2000.00
-700.00 78.43 -2000.00
-600.00 66.88 -2000.00
-500.00 61.17 -2000.00
-400.00 37.22 -2000.00
-300.00 24.54 -2000.00
-200.00 13.43 -2000.00
-100.00 6.92 -2000.00
0.00 2.14 -2000.00
100.00 0.98 -2000.00
200.00 0.08 -2000.00
300.00 0.00 -2000.00
400.00 0.00 -2000.00
500.00 0.00 -2000.00
600.00 0.00 -2000.00
700.00 0.00 -2000.00
800.00 0.00 -2000.00
900.00 0.00 -2000.00
1000.00 0.00 -2000.00
1100.00 0.00 -2000.00
1200.00 0.00 -2000.00
1300.00 2.69 -2000.00
1400.00 8.81 -2000.00
1500.00 17.28 -2000.00
1600.00 19.80 -2000.00
1700.00 24.45 -2000.00
1800.00 24.59 -2000.00
1900.00 19.66 -2000.00
2000.00 18.84 -2000.00
2100.00 43.12 -2000.00
2200.00 74.77 -2000.00
2300.00 119.58 -2000.00
2400.00 137.08 -2000.00
2500.00 153.73 -2000.00
-2500.00 199.83 -2100.00
-2400.00 200.83 -2100.00
-2300.00 156.87 -2100.00
-2200.00 120.45 -2100.00
-2100.00 66.36 -2100.00
-2000.00 43.56 -2100.00
-1900.00 34.83 -2100.00
-1800.00 42.29 -2100.00
-1700.00 54.48 -2100.00
-1600.00 62.16 -2100.00
-1500.00 74.49 -2100.00
-1400.00 69.23 -2100.00
-1300.00 72.96 -2100.00
-1200.00 58.36 -2100.00
-1100.00 50.75 -2100.00
-1000.00 49.74 -2100.00
-900.00 56.68 -2100.00
-800.00 51.27 -2100.00
-700.00 48.18 -2100.00
-600.00 49.23 -2100.00
-500.00 36.95 -2100.00
-400.00 26.82 -2100.00
-300.00 18.36 -2100.00
-200.00 9.33 -2100.00
-100.00 2.02 -2100.00
0.00 0.00 -2100.00
100.00 0.00 -2100.00
200.00 0.00 -2100.00
300.00 0.00 -2100.00
400.00 0.00 -2100.00
500.00 0.00 -2100.00
600.00 1.55 -2100.00
700.00 4.45 -2100.00
800.00 5.46 -2100.00
900.00 8.15 -2100.00
1000.00 9.13 -2100.00
1100.00 12.14 -2100.00
1200.00 14.68 -2100.00
1300.00 17.63 -2100.00
1400.00 22.01 -2100.00
1500.00 25.81 -2100.00
1600.00 31.57 -2100.00
1700.00 32.36 -2100.00
1800.00 35.10 -2100.00
1900.00 33.23 -2100.00
2000.00 44.88 -2100.00
2100.00 73.80 -2100.00
2200.00 63.41 -2100.00
2300.00 89.52 -2100.00
2400.00 111.72 -2100.00
2500.00 110.03 -2100.00
-2500.00 211.77 -2200.00
-2400.00 175.66 -2200.00
-2300.00 127.61 -2200.00
-2200.00 93.15 -2200.00
-2100.00 100.17 -2200.00
-2000.00 77.01 -2200.00
-1900.00 57.21 -2200.00
-1800.00 64.77 -2200.00
-1700.00 70.31 -2200.00
-1600.00 67.98 -2200.00
-1500.00 75.77 -2200.00
-1400.00 78.33 -2200.00
-1300.00 74.36 -2200.00
-1200.00 67.19 -2200.00
-1100.00 58.69 -2200.00
-1000.00 57.26 -2200.00
-900.00 50.91 -2200.00
-800.00 49.49 -2200.00
-700.00 48.80 -2200.00
-600.00 47.27 -2200.00
-500.00 42.51 -2200.00
-400.00 30.90 -2200.00
-300.00 25.12 -2200.00
-200.00 20.04 -2200.00
-100.00 16.45 -2200.00
0.00 16.13 -2200.00
100.00 16.70 -2200.00
200.00 14.62 -2200.00
300.00 13.52 -2200.00
400.00 11.36 -2200.00
500.00 12.10 -2200.00
600.00 15.88 -2200.00
700.00 22.91 -2200.00
800.00 29.73 -2200.00
900.00 32.18 -2200.00
1000.00 33.47 -2200.00
1100.00 38.24 -2200.00
1200.00 49.24 -2200.00
1300.00 47.36 -2200.00
1400.00 50.08 -2200.00
1500.00 52.97 -2200.00
1600.00 56.82 -2200.00
1700.00 55.09 -2200.00
1800.00 59.97 -2200.00
1900.00 61.84 -2200.00
2000.00 68.82 -2200.00
2100.00 68.04 -2200.00
2200.00 86.32 -2200.00
2300.00 107.84 -2200.00
2400.00 101.17 -2200.00
2500.00 116.29 -2200.00
-2500.00 296.17 -2300.00
-2400.00 213.57 -2300.00
-2300.00 135.57 -2300.00
-2200.00 97.81 -2300.00
-2100.00 80.69 -2300.00
-2000.00 81.63 -2300.00
-1900.00 80.05 -2300.00
-1800.00 89.06 -2300.00
-1700.00 89.31 -2300.00
-1600.00 91.74 -2300.00
-1500.00 84.63 -2300.00
-1400.00 86.46 -2300.00
-1300.00 81.59 -2300.00
-1200.00 81.36 -2300.00
-1100.00 82.21 -2300.00
-1000.00 71.52 -2300.00
-900.00 69.36 -2300.00
-800.00 66.39 -2300.00
-700.00 72.02 -2300.00
-600.00 64.93 -2300.00
-500.00 61.27 -2300.00
-400.00 57.96 -2300.00
-300.00 56.56 -2300.00
-200.00 55.00 -2300.00
-100.00 51.48 -2300.00
0.00 49.41 -2300.00
100.00 53.89 -2300.00
200.00 51.37 -2300.00
300.00 48.18 -2300.00
400.00 48.71 -2300.00
500.00 43.38 -2300.00
600.00 32.88 -2300.00
700.00 39.54 -2300.00
800.00 50.36 -2300.00
900.00 59.35 -2300.00
1000.00 64.45 -2300.00
1100.00 67.79 -2300.00
1200.00 72.49 -2300.00
1300.00 80.60 -2300.00
1400.00 90.19 -2300.00
1500.00 84.76 -2300.00
1600.00 87.00 -2300.00
1700.00 80.91 -2300.00
1800.00 86.08 -2300.00
1900.00 86.26 -2300.00
2000.00 97.98 -2300.00
2100.00 101.52 -2300.00
2200.00 116.07 -2300.00
2300.00 137.27 -2300.00
2400.00 137.76 -2300.00
2500.00 133.09 -2300.00
-2500.00 318.44 -2400.00
-2400.00 236.72 -2400.00
-2300.00 162.18 -2400.00
-2200.00 105.59 -2400.00
-2100.00 102.48 -2400.00
-2000.00 104.81 -2400.00
-1900.00 95.64 -2400.00
-1800.00 109.40 -2400.00
-1700.00 102.19 -2400.00
-1600.00 107.47 -2400.00
-1500.00 101.66 -2400.00
-1400.00 102.48 -2400.00
-1300.00 101.05 -2400.00
-1200.00 97.69 -2400.00
-1100.00 93.16 -2400.00
-1000.00 98.75 -2400.00
-900.00 100.32 -2400.00
-800.00 94.98 -2400.00
-700.00 96.67 -2400.00
-600.00 96.87 -2400.00
-500.00 88.21 -2400.00
-400.00 85.90 -2400.00
-300.00 88.44 -2400.00
-200.00 83.74 -2400.00
-100.00 90.82 -2400.00
0.00 92.30 -2400.00
100.00 93.63 -2400.00
200.00 95.30 -2400.00
300.00 96.32 -2400.00
400.00 88.58 -2400.00
500.00 84.81 -2400.00
600.00 69.09 -2400.00
700.00 60.95 -2400.00
800.00 77.46 -2400.00
900.00 83.02 -2400.00
1000.00 101.03 -2400.00
1100.00 96.93 -2400.00
1200.00 108.15 -2400.00
1300.00 103.88 -2400.00
1400.00 105.98 -2400.00
1500.00 116.31 -2400.00
1600.00 111.72 -2400.00
1700.00 113.38 -2400.00
1800.00 100.01 -2400.00
1900.00 104.16 -2400.00
2000.00 104.96 -2400.00
2100.00 115.17 -2400.00
2200.00 130.87 -2400.00
2300.00 141.01 -2400.00
2400.00 146.47 -2400.00
2500.00 131.82 -2400.00
-2500.00 295.90 -2500.00
-2400.00 217.75 -2500.00
-2300.00 148.17 -2500.00
-2200.00 101.53 -2500.00
-2100.00 123.98 -2500.00
-2000.00 117.25 -2500.00
-1900.00 112.40 -2500.00
-1800.00 106.53 -2500.00
-1700.00 122.27 -2500.00
-1600.00 117.18 -2500.00
-1500.00 120.82 -2500.00
-1400.00 113.03 -2500.00
-1300.00 113.76 -2500.00
-1200.00 111.21 -2500.00
-1100.00 123.11 -2500.00
-1000.00 119.19 -2500.00
-900.00 122.84 -2500.00
-800.00 119.22 -2500.00
-700.00 116.94 -2500.00
-600.00 111.71 -2500.00
-500.00 119.30 -2500.00
-400.00 131.33 -2500.00
-300.00 118.36 -2500.00
-200.00 122.02 -2500.00
-100.00 119.00 -2500.00
0.00 134.48 -2500.00
100.00 124.00 -2500.00
200.00 140.25 -2500.00
300.00 146.51 -2500.00
400.00 131.09 -2500.00
500.00 108.17 -2500.00
600.00 97.51 -2500.00
700.00 77.25 -2500.00
800.00 87.04 -2500.00
900.00 103.40 -2500.00
1000.00 118.66 -2500.00
1100.00 109.64 -2500.00
1200.00 126.91 -2500.00
1300.00 128.97 -2500.00
1400.00 125.52 -2500.00
1500.00 114.88 -2500.00
1600.00 119.69 -2500.00
1700.00 108.65 -2500.00
1800.00 116.66 -2500.00
1900.00 105.16 -2500.00
2000.00 102.14 -2500.00
2100.00 104.45 -2500.00
2200.00 117.17 -2500.00
2300.00 134.35 -2500.00
2400.00 124.12 -2500.00
2500.00 123.57 -2500.00
