//-----------------------------------------------
//メッシュフィールドの配置処理
//Author: 加藤瑞葵
//-----------------------------------------------
SET_MESHFIELD
vertical = 50
line = 50
width = 8000.00
depth = 8000.00
-4000.00 250.59 4000.00
-3840.00 259.58 4000.00
-3680.00 223.29 4000.00
-3520.00 170.71 4000.00
-3360.00 124.28 4000.00
-3200.00 79.61 4000.00
-3040.00 64.84 4000.00
-2880.00 78.07 4000.00
-2720.00 96.80 4000.00
-2560.00 113.48 4000.00
-2400.00 95.52 4000.00
-2240.00 80.11 4000.00
-2080.00 63.48 4000.00
-1920.00 35.78 4000.00
-1760.00 31.18 4000.00
-1600.00 20.67 4000.00
-1440.00 11.46 4000.00
-1280.00 10.12 4000.00
-1120.00 11.76 4000.00
-960.00 21.45 4000.00
-800.00 23.32 4000.00
-640.00 31.69 4000.00
-480.00 28.91 4000.00
-320.00 26.18 4000.00
-160.00 29.64 4000.00
0.00 19.68 4000.00
160.00 14.98 4000.00
320.00 11.89 4000.00
480.00 10.74 4000.00
640.00 8.61 4000.00
800.00 9.55 4000.00
960.00 7.00 4000.00
1120.00 4.33 4000.00
1280.00 2.21 4000.00
1440.00 0.00 4000.00
1600.00 0.00 4000.00
1760.00 0.00 4000.00
1920.00 0.00 4000.00
2080.00 0.00 4000.00
2240.00 0.00 4000.00
2400.00 0.00 4000.00
2560.00 0.00 4000.00
2720.00 0.00 4000.00
2880.00 1.79 4000.00
3040.00 19.73 4000.00
3200.00 47.89 4000.00
3360.00 70.15 4000.00
3520.00 92.28 4000.00
3680.00 113.85 4000.00
3840.00 130.05 4000.00
4000.00 118.35 4000.00
-4000.00 254.38 3840.00
-3840.00 250.91 3840.00
-3680.00 227.42 3840.00
-3520.00 187.00 3840.00
-3360.00 143.30 3840.00
-3200.00 94.43 3840.00
-3040.00 81.96 3840.00
-2880.00 107.47 3840.00
-2720.00 122.36 3840.00
-2560.00 112.14 3840.00
-2400.00 113.01 3840.00
-2240.00 98.39 3840.00
-2080.00 78.85 3840.00
-1920.00 71.40 3840.00
-1760.00 61.14 3840.00
-1600.00 28.14 3840.00
-1440.00 30.73 3840.00
-1280.00 27.50 3840.00
-1120.00 18.32 3840.00
-960.00 28.42 3840.00
-800.00 32.68 3840.00
-640.00 41.86 3840.00
-480.00 41.47 3840.00
-320.00 51.47 3840.00
-160.00 48.94 3840.00
0.00 37.48 3840.00
160.00 30.60 3840.00
320.00 28.89 3840.00
480.00 22.30 3840.00
640.00 22.89 3840.00
800.00 24.78 3840.00
960.00 21.44 3840.00
1120.00 17.24 3840.00
1280.00 14.11 3840.00
1440.00 7.66 3840.00
1600.00 1.50 3840.00
1760.00 0.00 3840.00
1920.00 0.00 3840.00
2080.00 0.00 3840.00
2240.00 0.00 3840.00
2400.00 0.00 3840.00
2560.00 0.00 3840.00
2720.00 0.00 3840.00
2880.00 0.41 3840.00
3040.00 16.74 3840.00
3200.00 43.06 3840.00
3360.00 63.89 3840.00
3520.00 83.50 3840.00
3680.00 103.26 3840.00
3840.00 97.91 3840.00
4000.00 103.90 3840.00
-4000.00 267.75 3680.00
-3840.00 255.50 3680.00
-3680.00 218.79 3680.00
-3520.00 190.26 3680.00
-3360.00 134.15 3680.00
-3200.00 88.03 3680.00
-3040.00 109.32 3680.00
-2880.00 127.87 3680.00
-2720.00 141.82 3680.00
-2560.00 155.18 3680.00
-2400.00 123.72 3680.00
-2240.00 130.87 3680.00
-2080.00 128.04 3680.00
-1920.00 117.27 3680.00
-1760.00 58.26 3680.00
-1600.00 45.38 3680.00
-1440.00 44.83 3680.00
-1280.00 38.90 3680.00
-1120.00 35.79 3680.00
-960.00 42.34 3680.00
-800.00 44.41 3680.00
-640.00 63.15 3680.00
-480.00 76.12 3680.00
-320.00 72.82 3680.00
-160.00 58.24 3680.00
0.00 60.26 3680.00
160.00 59.66 3680.00
320.00 51.32 3680.00
480.00 48.82 3680.00
640.00 47.65 3680.00
800.00 37.76 3680.00
960.00 36.29 3680.00
1120.00 38.20 3680.00
1280.00 24.56 3680.00
1440.00 17.40 3680.00
1600.00 11.44 3680.00
1760.00 3.10 3680.00
1920.00 0.00 3680.00
2080.00 0.00 3680.00
2240.00 0.00 3680.00
2400.00 0.00 3680.00
2560.00 0.00 3680.00
2720.00 0.00 3680.00
2880.00 0.00 3680.00
3040.00 10.78 3680.00
3200.00 33.64 3680.00
3360.00 52.20 3680.00
3520.00 73.12 3680.00
3680.00 84.49 3680.00
3840.00 94.32 3680.00
4000.00 83.80 3680.00
-4000.00 250.87 3520.00
-3840.00 244.39 3520.00
-3680.00 231.17 3520.00
-3520.00 181.13 3520.00
-3360.00 124.97 3520.00
-3200.00 106.38 3520.00
-3040.00 123.11 3520.00
-2880.00 155.51 3520.00
-2720.00 154.03 3520.00
-2560.00 163.23 3520.00
-2400.00 155.29 3520.00
-2240.00 158.99 3520.00
-2080.00 153.47 3520.00
-1920.00 102.05 3520.00
-1760.00 76.21 3520.00
-1600.00 65.20 3520.00
-1440.00 67.92 3520.00
-1280.00 61.87 3520.00
-1120.00 44.78 3520.00
-960.00 47.54 3520.00
-800.00 69.72 3520.00
-640.00 70.96 3520.00
-480.00 87.82 3520.00
-320.00 85.13 3520.00
-160.00 91.64 3520.00
0.00 73.30 3520.00
160.00 62.51 3520.00
320.00 66.19 3520.00
480.00 71.56 3520.00
640.00 68.53 3520.00
800.00 76.46 3520.00
960.00 71.62 3520.00
1120.00 53.81 3520.00
1280.00 46.53 3520.00
1440.00 34.06 3520.00
1600.00 26.56 3520.00
1760.00 11.28 3520.00
1920.00 1.54 3520.00
2080.00 0.00 3520.00
2240.00 0.00 3520.00
2400.00 0.00 3520.00
2560.00 0.00 3520.00
2720.00 0.00 3520.00
2880.00 0.00 3520.00
3040.00 1.40 3520.00
3200.00 15.85 3520.00
3360.00 36.92 3520.00
3520.00 48.02 3520.00
3680.00 52.71 3520.00
3840.00 70.92 3520.00
4000.00 56.96 3520.00
-4000.00 247.25 3360.00
-3840.00 238.21 3360.00
-3680.00 195.15 3360.00
-3520.00 160.54 3360.00
-3360.00 109.79 3360.00
-3200.00 145.30 3360.00
-3040.00 174.71 3360.00
-2880.00 187.10 3360.00
-2720.00 187.65 3360.00
-2560.00 190.72 3360.00
-2400.00 175.19 3360.00
-2240.00 180.52 3360.00
-2080.00 199.43 3360.00
-1920.00 109.77 3360.00
-1760.00 99.73 3360.00
-1600.00 89.56 3360.00
-1440.00 90.80 3360.00
-1280.00 82.97 3360.00
-1120.00 62.44 3360.00
-960.00 50.71 3360.00
-800.00 67.46 3360.00
-640.00 90.34 3360.00
-480.00 108.38 3360.00
-320.00 98.21 3360.00
-160.00 96.24 3360.00
0.00 99.32 3360.00
160.00 93.40 3360.00
320.00 83.39 3360.00
480.00 91.43 3360.00
640.00 107.57 3360.00
800.00 106.67 3360.00
960.00 110.09 3360.00
1120.00 97.60 3360.00
1280.00 92.68 3360.00
1440.00 67.09 3360.00
1600.00 54.41 3360.00
1760.00 34.77 3360.00
1920.00 19.61 3360.00
2080.00 6.83 3360.00
2240.00 0.61 3360.00
2400.00 0.00 3360.00
2560.00 0.00 3360.00
2720.00 0.00 3360.00
2880.00 0.00 3360.00
3040.00 0.00 3360.00
3200.00 3.13 3360.00
3360.00 18.66 3360.00
3520.00 32.63 3360.00
3680.00 41.75 3360.00
3840.00 53.35 3360.00
4000.00 73.20 3360.00
-4000.00 261.59 3200.00
-3840.00 187.16 3200.00
-3680.00 155.59 3200.00
-3520.00 223.07 3200.00
-3360.00 204.04 3200.00
-3200.00 202.35 3200.00
-3040.00 207.61 3200.00
-2880.00 221.23 3200.00
-2720.00 194.97 3200.00
-2560.00 201.74 3200.00
-2400.00 185.01 3200.00
-2240.00 205.77 3200.00
-2080.00 138.25 3200.00
-1920.00 132.07 3200.00
-1760.00 130.04 3200.00
-1600.00 109.19 3200.00
-1440.00 112.79 3200.00
-1280.00 100.03 3200.00
-1120.00 76.75 3200.00
-960.00 47.41 3200.00
-800.00 72.26 3200.00
-640.00 86.75 3200.00
-480.00 95.90 3200.00
-320.00 117.80 3200.00
-160.00 115.65 3200.00
0.00 89.53 3200.00
160.00 101.56 3200.00
320.00 122.55 3200.00
480.00 125.71 3200.00
640.00 150.64 3200.00
800.00 155.92 3200.00
960.00 141.18 3200.00
1120.00 135.75 3200.00
1280.00 117.55 3200.00
1440.00 116.07 3200.00
1600.00 91.59 3200.00
1760.00 61.96 3200.00
1920.00 44.22 3200.00
2080.00 25.72 3200.00
2240.00 12.92 3200.00
2400.00 3.21 3200.00
2560.00 0.00 3200.00
2720.00 0.00 3200.00
2880.00 0.00 3200.00
3040.00 0.00 3200.00
3200.00 0.00 3200.00
3360.00 7.12 3200.00
3520.00 26.60 3200.00
3680.00 47.94 3200.00
3840.00 71.70 3200.00
4000.00 90.20 3200.00
-4000.00 192.55 3040.00
-3840.00 213.23 3040.00
-3680.00 209.88 3040.00
-3520.00 232.75 3040.00
-3360.00 225.98 3040.00
-3200.00 222.11 3040.00
-3040.00 215.88 3040.00
-2880.00 222.54 3040.00
-2720.00 214.47 3040.00
-2560.00 207.55 3040.00
-2400.00 193.40 3040.00
-2240.00 166.96 3040.00
-2080.00 152.84 3040.00
-1920.00 141.69 3040.00
-1760.00 142.61 3040.00
-1600.00 120.95 3040.00
-1440.00 122.25 3040.00
-1280.00 108.71 3040.00
-1120.00 84.01 3040.00
-960.00 66.54 3040.00
-800.00 83.75 3040.00
-640.00 93.70 3040.00
-480.00 101.86 3040.00
-320.00 117.13 3040.00
-160.00 107.64 3040.00
0.00 99.37 3040.00
160.00 94.48 3040.00
320.00 156.35 3040.00
480.00 176.07 3040.00
640.00 186.89 3040.00
800.00 192.46 3040.00
960.00 201.64 3040.00
1120.00 174.22 3040.00
1280.00 174.93 3040.00
1440.00 159.49 3040.00
1600.00 131.00 3040.00
1760.00 90.95 3040.00
1920.00 71.59 3040.00
2080.00 44.19 3040.00
2240.00 29.00 3040.00
2400.00 11.56 3040.00
2560.00 3.16 3040.00
2720.00 0.00 3040.00
2880.00 0.00 3040.00
3040.00 0.00 3040.00
3200.00 0.00 3040.00
3360.00 9.94 3040.00
3520.00 31.36 3040.00
3680.00 55.30 3040.00
3840.00 76.97 3040.00
4000.00 94.62 3040.00
-4000.00 178.47 2880.00
-3840.00 172.16 2880.00
-3680.00 208.05 2880.00
-3520.00 221.24 2880.00
-3360.00 225.49 2880.00
-3200.00 209.98 2880.00
-3040.00 222.92 2880.00
-2880.00 239.16 2880.00
-2720.00 228.82 2880.00
-2560.00 194.33 2880.00
-2400.00 193.44 2880.00
-2240.00 158.00 2880.00
-2080.00 147.95 2880.00
-1920.00 131.93 2880.00
-1760.00 141.25 2880.00
-1600.00 122.26 2880.00
-1440.00 121.39 2880.00
-1280.00 107.80 2880.00
-1120.00 82.73 2880.00
-960.00 63.23 2880.00
-800.00 81.20 2880.00
-640.00 107.30 2880.00
-480.00 100.53 2880.00
-320.00 116.82 2880.00
-160.00 116.89 2880.00
0.00 104.04 2880.00
160.00 119.46 2880.00
320.00 175.67 2880.00
480.00 211.11 2880.00
640.00 208.67 2880.00
800.00 233.62 2880.00
960.00 223.76 2880.00
1120.00 243.83 2880.00
1280.00 213.31 2880.00
1440.00 190.26 2880.00
1600.00 159.55 2880.00
1760.00 130.06 2880.00
1920.00 96.04 2880.00
2080.00 65.58 2880.00
2240.00 41.24 2880.00
2400.00 26.33 2880.00
2560.00 10.29 2880.00
2720.00 0.26 2880.00
2880.00 0.00 2880.00
3040.00 0.00 2880.00
3200.00 0.00 2880.00
3360.00 15.48 2880.00
3520.00 42.71 2880.00
3680.00 69.19 2880.00
3840.00 93.95 2880.00
4000.00 115.58 2880.00
-4000.00 219.62 2720.00
-3840.00 227.03 2720.00
-3680.00 202.61 2720.00
-3520.00 203.91 2720.00
-3360.00 217.94 2720.00
-3200.00 209.68 2720.00
-3040.00 240.83 2720.00
-2880.00 214.38 2720.00
-2720.00 204.34 2720.00
-2560.00 186.76 2720.00
-2400.00 170.29 2720.00
-2240.00 155.00 2720.00
-2080.00 232.83 2720.00
-1920.00 130.49 2720.00
-1760.00 117.52 2720.00
-1600.00 119.70 2720.00
-1440.00 113.10 2720.00
-1280.00 98.39 2720.00
-1120.00 74.45 2720.00
-960.00 68.73 2720.00
-800.00 93.39 2720.00
-640.00 94.35 2720.00
-480.00 115.48 2720.00
-320.00 131.16 2720.00
-160.00 123.11 2720.00
0.00 111.58 2720.00
160.00 210.64 2720.00
320.00 223.67 2720.00
480.00 211.57 2720.00
640.00 227.49 2720.00
800.00 245.54 2720.00
960.00 268.34 2720.00
1120.00 265.99 2720.00
1280.00 261.49 2720.00
1440.00 243.62 2720.00
1600.00 204.67 2720.00
1760.00 161.57 2720.00
1920.00 113.00 2720.00
2080.00 95.87 2720.00
2240.00 54.82 2720.00
2400.00 38.59 2720.00
2560.00 18.70 2720.00
2720.00 3.23 2720.00
2880.00 0.00 2720.00
3040.00 0.00 2720.00
3200.00 0.00 2720.00
3360.00 12.51 2720.00
3520.00 38.13 2720.00
3680.00 59.87 2720.00
3840.00 81.13 2720.00
4000.00 101.34 2720.00
-4000.00 279.56 2560.00
-3840.00 287.46 2560.00
-3680.00 263.19 2560.00
-3520.00 197.15 2560.00
-3360.00 173.24 2560.00
-3200.00 216.94 2560.00
-3040.00 229.27 2560.00
-2880.00 242.05 2560.00
-2720.00 204.10 2560.00
-2560.00 180.62 2560.00
-2400.00 151.85 2560.00
-2240.00 145.44 2560.00
-2080.00 203.48 2560.00
-1920.00 119.30 2560.00
-1760.00 98.95 2560.00
-1600.00 95.97 2560.00
-1440.00 85.30 2560.00
-1280.00 68.86 2560.00
-1120.00 48.64 2560.00
-960.00 69.43 2560.00
-800.00 78.20 2560.00
-640.00 104.68 2560.00
-480.00 109.95 2560.00
-320.00 133.00 2560.00
-160.00 128.79 2560.00
0.00 209.12 2560.00
160.00 202.14 2560.00
320.00 223.31 2560.00
480.00 239.71 2560.00
640.00 251.20 2560.00
800.00 257.50 2560.00
960.00 294.56 2560.00
1120.00 276.28 2560.00
1280.00 251.73 2560.00
1440.00 239.57 2560.00
1600.00 205.05 2560.00
1760.00 185.88 2560.00
1920.00 127.31 2560.00
2080.00 109.58 2560.00
2240.00 62.49 2560.00
2400.00 43.96 2560.00
2560.00 23.70 2560.00
2720.00 5.60 2560.00
2880.00 0.00 2560.00
3040.00 0.00 2560.00
3200.00 0.00 2560.00
3360.00 10.00 2560.00
3520.00 29.82 2560.00
3680.00 60.28 2560.00
3840.00 82.00 2560.00
4000.00 103.08 2560.00
-4000.00 296.32 2400.00
-3840.00 333.44 2400.00
-3680.00 269.49 2400.00
-3520.00 231.69 2400.00
-3360.00 179.96 2400.00
-3200.00 185.83 2400.00
-3040.00 188.99 2400.00
-2880.00 192.74 2400.00
-2720.00 191.19 2400.00
-2560.00 152.52 2400.00
-2400.00 148.48 2400.00
-2240.00 117.62 2400.00
-2080.00 184.21 2400.00
-1920.00 183.11 2400.00
-1760.00 106.06 2400.00
-1600.00 91.40 2400.00
-1440.00 78.19 2400.00
-1280.00 59.44 2400.00
-1120.00 75.77 2400.00
-960.00 100.30 2400.00
-800.00 73.78 2400.00
-640.00 109.55 2400.00
-480.00 120.53 2400.00
-320.00 192.81 2400.00
-160.00 218.75 2400.00
0.00 220.72 2400.00
160.00 208.60 2400.00
320.00 216.60 2400.00
480.00 244.61 2400.00
640.00 249.52 2400.00
800.00 252.15 2400.00
960.00 276.17 2400.00
1120.00 283.91 2400.00
1280.00 262.69 2400.00
1440.00 238.79 2400.00
1600.00 214.64 2400.00
1760.00 184.03 2400.00
1920.00 146.76 2400.00
2080.00 114.91 2400.00
2240.00 70.75 2400.00
2400.00 51.43 2400.00
2560.00 20.65 2400.00
2720.00 7.81 2400.00
2880.00 0.00 2400.00
3040.00 0.00 2400.00
3200.00 0.00 2400.00
3360.00 6.40 2400.00
3520.00 20.37 2400.00
3680.00 42.75 2400.00
3840.00 58.08 2400.00
4000.00 71.99 2400.00
-4000.00 278.60 2240.00
-3840.00 264.05 2240.00
-3680.00 267.32 2240.00
-3520.00 197.69 2240.00
-3360.00 155.42 2240.00
-3200.00 181.70 2240.00
-3040.00 197.01 2240.00
-2880.00 196.55 2240.00
-2720.00 189.73 2240.00
-2560.00 158.45 2240.00
-2400.00 136.68 2240.00
-2240.00 115.46 2240.00
-2080.00 153.78 2240.00
-1920.00 142.76 2240.00
-1760.00 156.69 2240.00
-1600.00 75.41 2240.00
-1440.00 69.91 2240.00
-1280.00 50.14 2240.00
-1120.00 59.92 2240.00
-960.00 91.15 2240.00
-800.00 115.60 2240.00
-640.00 132.84 2240.00
-480.00 175.23 2240.00
-320.00 163.21 2240.00
-160.00 186.57 2240.00
0.00 196.97 2240.00
160.00 182.01 2240.00
320.00 221.52 2240.00
480.00 212.71 2240.00
640.00 217.06 2240.00
800.00 249.90 2240.00
960.00 273.41 2240.00
1120.00 270.88 2240.00
1280.00 252.13 2240.00
1440.00 228.86 2240.00
1600.00 188.27 2240.00
1760.00 153.11 2240.00
1920.00 121.66 2240.00
2080.00 106.16 2240.00
2240.00 65.80 2240.00
2400.00 37.55 2240.00
2560.00 19.42 2240.00
2720.00 5.08 2240.00
2880.00 0.00 2240.00
3040.00 0.00 2240.00
3200.00 0.00 2240.00
3360.00 2.87 2240.00
3520.00 11.67 2240.00
3680.00 26.61 2240.00
3840.00 48.14 2240.00
4000.00 59.01 2240.00
-4000.00 337.45 2080.00
-3840.00 308.03 2080.00
-3680.00 260.26 2080.00
-3520.00 172.70 2080.00
-3360.00 134.75 2080.00
-3200.00 146.75 2080.00
-3040.00 195.96 2080.00
-2880.00 180.06 2080.00
-2720.00 172.79 2080.00
-2560.00 163.81 2080.00
-2400.00 128.74 2080.00
-2240.00 150.28 2080.00
-2080.00 143.90 2080.00
-1920.00 121.36 2080.00
-1760.00 137.45 2080.00
-1600.00 113.67 2080.00
-1440.00 67.64 2080.00
-1280.00 42.29 2080.00
-1120.00 45.57 2080.00
-960.00 76.96 2080.00
-800.00 99.07 2080.00
-640.00 117.26 2080.00
-480.00 136.56 2080.00
-320.00 145.74 2080.00
-160.00 170.15 2080.00
0.00 175.22 2080.00
160.00 178.06 2080.00
320.00 183.67 2080.00
480.00 203.76 2080.00
640.00 213.19 2080.00
800.00 226.84 2080.00
960.00 244.08 2080.00
1120.00 244.36 2080.00
1280.00 215.63 2080.00
1440.00 193.53 2080.00
1600.00 181.03 2080.00
1760.00 138.62 2080.00
1920.00 115.66 2080.00
2080.00 77.02 2080.00
2240.00 61.03 2080.00
2400.00 34.03 2080.00
2560.00 18.53 2080.00
2720.00 3.66 2080.00
2880.00 0.00 2080.00
3040.00 0.00 2080.00
3200.00 0.00 2080.00
3360.00 0.51 2080.00
3520.00 4.95 2080.00
3680.00 13.95 2080.00
3840.00 27.26 2080.00
4000.00 33.57 2080.00
-4000.00 334.24 1920.00
-3840.00 307.24 1920.00
-3680.00 257.48 1920.00
-3520.00 190.48 1920.00
-3360.00 110.50 1920.00
-3200.00 169.73 1920.00
-3040.00 159.50 1920.00
-2880.00 175.26 1920.00
-2720.00 167.39 1920.00
-2560.00 151.61 1920.00
-2400.00 140.20 1920.00
-2240.00 144.78 1920.00
-2080.00 132.16 1920.00
-1920.00 116.73 1920.00
-1760.00 131.89 1920.00
-1600.00 103.48 1920.00
-1440.00 93.35 1920.00
-1280.00 81.07 1920.00
-1120.00 37.52 1920.00
-960.00 59.85 1920.00
-800.00 79.48 1920.00
-640.00 97.39 1920.00
-480.00 111.28 1920.00
-320.00 119.42 1920.00
-160.00 112.34 1920.00
0.00 132.32 1920.00
160.00 137.00 1920.00
320.00 162.54 1920.00
480.00 156.29 1920.00
640.00 179.34 1920.00
800.00 181.13 1920.00
960.00 200.57 1920.00
1120.00 204.35 1920.00
1280.00 176.34 1920.00
1440.00 163.70 1920.00
1600.00 139.86 1920.00
1760.00 106.83 1920.00
1920.00 80.66 1920.00
2080.00 68.25 1920.00
2240.00 44.28 1920.00
2400.00 21.38 1920.00
2560.00 9.27 1920.00
2720.00 0.19 1920.00
2880.00 0.00 1920.00
3040.00 0.00 1920.00
3200.00 0.00 1920.00
3360.00 0.00 1920.00
3520.00 1.96 1920.00
3680.00 5.28 1920.00
3840.00 12.76 1920.00
4000.00 16.07 1920.00
-4000.00 339.97 1760.00
-3840.00 309.16 1760.00
-3680.00 250.12 1760.00
-3520.00 207.86 1760.00
-3360.00 189.67 1760.00
-3200.00 156.88 1760.00
-3040.00 166.04 1760.00
-2880.00 151.83 1760.00
-2720.00 170.95 1760.00
-2560.00 164.05 1760.00
-2400.00 159.22 1760.00
-2240.00 158.77 1760.00
-2080.00 133.19 1760.00
-1920.00 132.39 1760.00
-1760.00 125.62 1760.00
-1600.00 117.25 1760.00
-1440.00 85.21 1760.00
-1280.00 84.85 1760.00
-1120.00 64.59 1760.00
-960.00 57.05 1760.00
-800.00 59.82 1760.00
-640.00 59.25 1760.00
-480.00 67.10 1760.00
-320.00 70.61 1760.00
-160.00 80.76 1760.00
0.00 86.36 1760.00
160.00 113.06 1760.00
320.00 123.76 1760.00
480.00 125.22 1760.00
640.00 152.76 1760.00
800.00 152.14 1760.00
960.00 154.45 1760.00
1120.00 159.49 1760.00
1280.00 162.09 1760.00
1440.00 132.97 1760.00
1600.00 118.88 1760.00
1760.00 93.26 1760.00
1920.00 72.25 1760.00
2080.00 41.27 1760.00
2240.00 25.59 1760.00
2400.00 14.93 1760.00
2560.00 2.32 1760.00
2720.00 0.00 1760.00
2880.00 0.00 1760.00
3040.00 0.00 1760.00
3200.00 0.00 1760.00
3360.00 0.00 1760.00
3520.00 0.00 1760.00
3680.00 1.43 1760.00
3840.00 3.79 1760.00
4000.00 5.43 1760.00
-4000.00 365.12 1600.00
-3840.00 319.19 1600.00
-3680.00 273.35 1600.00
-3520.00 206.59 1600.00
-3360.00 158.72 1600.00
-3200.00 134.66 1600.00
-3040.00 135.74 1600.00
-2880.00 145.85 1600.00
-2720.00 160.96 1600.00
-2560.00 161.50 1600.00
-2400.00 155.85 1600.00
-2240.00 139.87 1600.00
-2080.00 123.92 1600.00
-1920.00 112.56 1600.00
-1760.00 129.98 1600.00
-1600.00 106.72 1600.00
-1440.00 103.08 1600.00
-1280.00 75.03 1600.00
-1120.00 52.20 1600.00
-960.00 44.09 1600.00
-800.00 40.52 1600.00
-640.00 38.31 1600.00
-480.00 33.99 1600.00
-320.00 41.89 1600.00
-160.00 50.77 1600.00
0.00 52.42 1600.00
160.00 67.34 1600.00
320.00 91.66 1600.00
480.00 99.83 1600.00
640.00 112.50 1600.00
800.00 127.99 1600.00
960.00 145.70 1600.00
1120.00 122.11 1600.00
1280.00 122.56 1600.00
1440.00 118.64 1600.00
1600.00 95.99 1600.00
1760.00 81.08 1600.00
1920.00 55.13 1600.00
2080.00 34.60 1600.00
2240.00 14.80 1600.00
2400.00 3.55 1600.00
2560.00 0.00 1600.00
2720.00 0.00 1600.00
2880.00 0.00 1600.00
3040.00 0.00 1600.00
3200.00 0.00 1600.00
3360.00 0.00 1600.00
3520.00 0.00 1600.00
3680.00 0.00 1600.00
3840.00 0.00 1600.00
4000.00 0.47 1600.00
-4000.00 341.02 1440.00
-3840.00 303.36 1440.00
-3680.00 236.92 1440.00
-3520.00 197.12 1440.00
-3360.00 131.09 1440.00
-3200.00 121.10 1440.00
-3040.00 122.02 1440.00
-2880.00 128.27 1440.00
-2720.00 137.92 1440.00
-2560.00 133.57 1440.00
-2400.00 149.41 1440.00
-2240.00 131.38 1440.00
-2080.00 134.95 1440.00
-1920.00 115.99 1440.00
-1760.00 113.81 1440.00
-1600.00 103.21 1440.00
-1440.00 101.34 1440.00
-1280.00 82.80 1440.00
-1120.00 55.56 1440.00
-960.00 39.87 1440.00
-800.00 25.35 1440.00
-640.00 16.90 1440.00
-480.00 11.37 1440.00
-320.00 12.80 1440.00
-160.00 18.71 1440.00
0.00 30.97 1440.00
160.00 40.76 1440.00
320.00 53.70 1440.00
480.00 68.23 1440.00
640.00 92.00 1440.00
800.00 108.38 1440.00
960.00 126.62 1440.00
1120.00 120.92 1440.00
1280.00 116.41 1440.00
1440.00 106.98 1440.00
1600.00 92.35 1440.00
1760.00 69.24 1440.00
1920.00 45.57 1440.00
2080.00 25.85 1440.00
2240.00 9.97 1440.00
2400.00 0.11 1440.00
2560.00 0.00 1440.00
2720.00 0.00 1440.00
2880.00 0.00 1440.00
3040.00 0.00 1440.00
3200.00 0.00 1440.00
3360.00 0.00 1440.00
3520.00 0.00 1440.00
3680.00 0.00 1440.00
3840.00 0.00 1440.00
4000.00 0.00 1440.00
-4000.00 349.26 1280.00
-3840.00 303.23 1280.00
-3680.00 238.57 1280.00
-3520.00 171.39 1280.00
-3360.00 124.43 1280.00
-3200.00 103.42 1280.00
-3040.00 96.99 1280.00
-2880.00 131.71 1280.00
-2720.00 119.39 1280.00
-2560.00 133.82 1280.00
-2400.00 124.69 1280.00
-2240.00 116.03 1280.00
-2080.00 118.47 1280.00
-1920.00 105.53 1280.00
-1760.00 100.54 1280.00
-1600.00 108.99 1280.00
-1440.00 95.01 1280.00
-1280.00 78.92 1280.00
-1120.00 52.80 1280.00
-960.00 43.38 1280.00
-800.00 23.45 1280.00
-640.00 14.02 1280.00
-480.00 2.90 1280.00
-320.00 0.30 1280.00
-160.00 2.76 1280.00
0.00 11.24 1280.00
160.00 23.43 1280.00
320.00 33.51 1280.00
480.00 54.71 1280.00
640.00 62.87 1280.00
800.00 83.53 1280.00
960.00 110.76 1280.00
1120.00 118.99 1280.00
1280.00 107.07 1280.00
1440.00 94.47 1280.00
1600.00 88.38 1280.00
1760.00 69.48 1280.00
1920.00 52.97 1280.00
2080.00 32.47 1280.00
2240.00 13.27 1280.00
2400.00 3.42 1280.00
2560.00 0.00 1280.00
2720.00 0.00 1280.00
2880.00 0.00 1280.00
3040.00 0.00 1280.00
3200.00 0.00 1280.00
3360.00 0.00 1280.00
3520.00 0.00 1280.00
3680.00 0.00 1280.00
3840.00 0.00 1280.00
4000.00 0.00 1280.00
-4000.00 307.15 1120.00
-3840.00 252.73 1120.00
-3680.00 211.83 1120.00
-3520.00 147.00 1120.00
-3360.00 88.92 1120.00
-3200.00 69.59 1120.00
-3040.00 80.83 1120.00
-2880.00 107.30 1120.00
-2720.00 99.04 1120.00
-2560.00 120.21 1120.00
-2400.00 103.84 1120.00
-2240.00 127.25 1120.00
-2080.00 123.61 1120.00
-1920.00 104.52 1120.00
-1760.00 101.97 1120.00
-1600.00 94.32 1120.00
-1440.00 89.86 1120.00
-1280.00 63.46 1120.00
-1120.00 52.60 1120.00
-960.00 40.76 1120.00
-800.00 20.74 1120.00
-640.00 12.80 1120.00
-480.00 3.27 1120.00
-320.00 0.00 1120.00
-160.00 0.02 1120.00
0.00 2.44 1120.00
160.00 8.55 1120.00
320.00 18.78 1120.00
480.00 32.72 1120.00
640.00 51.26 1120.00
800.00 64.32 1120.00
960.00 93.29 1120.00
1120.00 105.53 1120.00
1280.00 99.87 1120.00
1440.00 109.29 1120.00
1600.00 88.30 1120.00
1760.00 69.48 1120.00
1920.00 59.65 1120.00
2080.00 38.78 1120.00
2240.00 22.92 1120.00
2400.00 9.15 1120.00
2560.00 0.01 1120.00
2720.00 0.00 1120.00
2880.00 0.00 1120.00
3040.00 0.00 1120.00
3200.00 0.00 1120.00
3360.00 0.00 1120.00
3520.00 0.00 1120.00
3680.00 0.00 1120.00
3840.00 0.00 1120.00
4000.00 0.00 1120.00
-4000.00 282.60 960.00
-3840.00 247.65 960.00
-3680.00 188.15 960.00
-3520.00 121.13 960.00
-3360.00 70.39 960.00
-3200.00 51.71 960.00
-3040.00 53.08 960.00
-2880.00 73.34 960.00
-2720.00 81.92 960.00
-2560.00 89.92 960.00
-2400.00 108.55 960.00
-2240.00 101.66 960.00
-2080.00 115.80 960.00
-1920.00 94.03 960.00
-1760.00 96.71 960.00
-1600.00 74.01 960.00
-1440.00 81.40 960.00
-1280.00 59.54 960.00
-1120.00 49.69 960.00
-960.00 27.97 960.00
-800.00 20.23 960.00
-640.00 12.00 960.00
-480.00 3.19 960.00
-320.00 0.00 960.00
-160.00 0.00 960.00
0.00 0.37 960.00
160.00 5.44 960.00
320.00 11.46 960.00
480.00 24.36 960.00
640.00 35.27 960.00
800.00 50.29 960.00
960.00 65.30 960.00
1120.00 79.76 960.00
1280.00 97.33 960.00
1440.00 98.05 960.00
1600.00 93.14 960.00
1760.00 96.14 960.00
1920.00 65.96 960.00
2080.00 48.85 960.00
2240.00 35.84 960.00
2400.00 15.51 960.00
2560.00 1.71 960.00
2720.00 0.00 960.00
2880.00 0.00 960.00
3040.00 0.00 960.00
3200.00 0.00 960.00
3360.00 0.00 960.00
3520.00 0.00 960.00
3680.00 0.00 960.00
3840.00 0.00 960.00
4000.00 0.00 960.00
-4000.00 256.97 800.00
-3840.00 216.65 800.00
-3680.00 164.57 800.00
-3520.00 102.56 800.00
-3360.00 52.49 800.00
-3200.00 30.66 800.00
-3040.00 47.95 800.00
-2880.00 64.93 800.00
-2720.00 82.69 800.00
-2560.00 96.10 800.00
-2400.00 109.80 800.00
-2240.00 102.59 800.00
-2080.00 107.83 800.00
-1920.00 99.42 800.00
-1760.00 93.10 800.00
-1600.00 67.10 800.00
-1440.00 54.69 800.00
-1280.00 49.58 800.00
-1120.00 30.77 800.00
-960.00 24.44 800.00
-800.00 17.48 800.00
-640.00 6.83 800.00
-480.00 2.26 800.00
-320.00 0.00 800.00
-160.00 0.00 800.00
0.00 0.00 800.00
160.00 0.11 800.00
320.00 3.80 800.00
480.00 12.84 800.00
640.00 23.33 800.00
800.00 39.19 800.00
960.00 53.74 800.00
1120.00 76.92 800.00
1280.00 93.46 800.00
1440.00 112.81 800.00
1600.00 95.91 800.00
1760.00 100.23 800.00
1920.00 87.96 800.00
2080.00 60.24 800.00
2240.00 38.91 800.00
2400.00 23.04 800.00
2560.00 4.65 800.00
2720.00 0.00 800.00
2880.00 0.00 800.00
3040.00 0.00 800.00
3200.00 0.00 800.00
3360.00 0.00 800.00
3520.00 0.00 800.00
3680.00 0.00 800.00
3840.00 0.00 800.00
4000.00 0.00 800.00
-4000.00 226.75 640.00
-3840.00 179.74 640.00
-3680.00 123.23 640.00
-3520.00 79.07 640.00
-3360.00 32.64 640.00
-3200.00 14.59 640.00
-3040.00 34.70 640.00
-2880.00 50.38 640.00
-2720.00 72.87 640.00
-2560.00 91.92 640.00
-2400.00 101.94 640.00
-2240.00 93.89 640.00
-2080.00 97.93 640.00
-1920.00 100.38 640.00
-1760.00 85.16 640.00
-1600.00 77.54 640.00
-1440.00 49.38 640.00
-1280.00 32.76 640.00
-1120.00 24.21 640.00
-960.00 19.38 640.00
-800.00 8.86 640.00
-640.00 4.83 640.00
-480.00 0.35 640.00
-320.00 0.00 640.00
-160.00 0.00 640.00
0.00 0.00 640.00
160.00 0.00 640.00
320.00 0.00 640.00
480.00 0.00 640.00
640.00 8.69 640.00
800.00 23.12 640.00
960.00 48.96 640.00
1120.00 65.92 640.00
1280.00 76.71 640.00
1440.00 107.86 640.00
1600.00 102.97 640.00
1760.00 106.64 640.00
1920.00 97.44 640.00
2080.00 78.17 640.00
2240.00 52.33 640.00
2400.00 25.74 640.00
2560.00 8.59 640.00
2720.00 0.00 640.00
2880.00 0.00 640.00
3040.00 0.00 640.00
3200.00 0.00 640.00
3360.00 0.00 640.00
3520.00 0.00 640.00
3680.00 0.00 640.00
3840.00 0.00 640.00
4000.00 0.00 640.00
-4000.00 181.98 480.00
-3840.00 151.46 480.00
-3680.00 104.31 480.00
-3520.00 49.40 480.00
-3360.00 24.19 480.00
-3200.00 11.09 480.00
-3040.00 25.79 480.00
-2880.00 51.40 480.00
-2720.00 63.16 480.00
-2560.00 78.65 480.00
-2400.00 113.31 480.00
-2240.00 110.80 480.00
-2080.00 100.84 480.00
-1920.00 106.03 480.00
-1760.00 76.06 480.00
-1600.00 61.24 480.00
-1440.00 46.47 480.00
-1280.00 32.61 480.00
-1120.00 24.97 480.00
-960.00 14.69 480.00
-800.00 5.18 480.00
-640.00 2.14 480.00
-480.00 0.00 480.00
-320.00 0.00 480.00
-160.00 0.00 480.00
0.00 0.00 480.00
160.00 0.00 480.00
320.00 0.00 480.00
480.00 0.00 480.00
640.00 0.00 480.00
800.00 12.85 480.00
960.00 37.04 480.00
1120.00 55.53 480.00
1280.00 88.10 480.00
1440.00 94.34 480.00
1600.00 110.96 480.00
1760.00 115.90 480.00
1920.00 105.98 480.00
2080.00 70.22 480.00
2240.00 51.91 480.00
2400.00 30.72 480.00
2560.00 11.98 480.00
2720.00 0.53 480.00
2880.00 0.00 480.00
3040.00 0.00 480.00
3200.00 0.00 480.00
3360.00 0.00 480.00
3520.00 0.00 480.00
3680.00 0.00 480.00
3840.00 0.00 480.00
4000.00 0.00 480.00
-4000.00 138.54 320.00
-3840.00 96.05 320.00
-3680.00 73.46 320.00
-3520.00 46.51 320.00
-3360.00 32.56 320.00
-3200.00 12.85 320.00
-3040.00 22.08 320.00
-2880.00 51.63 320.00
-2720.00 76.92 320.00
-2560.00 80.15 320.00
-2400.00 107.77 320.00
-2240.00 113.34 320.00
-2080.00 110.58 320.00
-1920.00 96.80 320.00
-1760.00 80.75 320.00
-1600.00 63.58 320.00
-1440.00 48.82 320.00
-1280.00 32.45 320.00
-1120.00 25.00 320.00
-960.00 16.16 320.00
-800.00 9.93 320.00
-640.00 3.14 320.00
-480.00 0.00 320.00
-320.00 0.00 320.00
-160.00 0.00 320.00
0.00 0.00 320.00
160.00 0.00 320.00
320.00 0.00 320.00
480.00 0.00 320.00
640.00 0.00 320.00
800.00 6.44 320.00
960.00 28.23 320.00
1120.00 47.18 320.00
1280.00 70.88 320.00
1440.00 91.77 320.00
1600.00 107.56 320.00
1760.00 114.74 320.00
1920.00 106.19 320.00
2080.00 69.86 320.00
2240.00 53.45 320.00
2400.00 34.74 320.00
2560.00 15.23 320.00
2720.00 2.26 320.00
2880.00 0.00 320.00
3040.00 0.00 320.00
3200.00 0.00 320.00
3360.00 0.00 320.00
3520.00 0.00 320.00
3680.00 0.00 320.00
3840.00 0.00 320.00
4000.00 0.00 320.00
-4000.00 126.27 160.00
-3840.00 101.37 160.00
-3680.00 94.19 160.00
-3520.00 67.52 160.00
-3360.00 39.89 160.00
-3200.00 19.16 160.00
-3040.00 25.30 160.00
-2880.00 46.25 160.00
-2720.00 65.78 160.00
-2560.00 90.18 160.00
-2400.00 118.31 160.00
-2240.00 109.30 160.00
-2080.00 105.32 160.00
-1920.00 94.58 160.00
-1760.00 81.52 160.00
-1600.00 65.49 160.00
-1440.00 46.97 160.00
-1280.00 40.20 160.00
-1120.00 32.54 160.00
-960.00 22.93 160.00
-800.00 18.02 160.00
-640.00 9.04 160.00
-480.00 4.68 160.00
-320.00 0.48 160.00
-160.00 0.00 160.00
0.00 0.00 160.00
160.00 0.00 160.00
320.00 0.00 160.00
480.00 0.00 160.00
640.00 0.00 160.00
800.00 2.86 160.00
960.00 22.88 160.00
1120.00 43.92 160.00
1280.00 64.03 160.00
1440.00 82.70 160.00
1600.00 98.10 160.00
1760.00 105.87 160.00
1920.00 97.98 160.00
2080.00 82.18 160.00
2240.00 62.92 160.00
2400.00 32.48 160.00
2560.00 16.67 160.00
2720.00 2.44 160.00
2880.00 0.00 160.00
3040.00 1.38 160.00
3200.00 2.43 160.00
3360.00 2.67 160.00
3520.00 2.14 160.00
3680.00 0.76 160.00
3840.00 0.00 160.00
4000.00 0.00 160.00
-4000.00 136.28 0.00
-3840.00 133.21 0.00
-3680.00 111.13 0.00
-3520.00 85.68 0.00
-3360.00 56.95 0.00
-3200.00 28.79 0.00
-3040.00 26.01 0.00
-2880.00 42.35 0.00
-2720.00 67.31 0.00
-2560.00 93.77 0.00
-2400.00 112.19 0.00
-2240.00 126.21 0.00
-2080.00 116.98 0.00
-1920.00 107.04 0.00
-1760.00 95.63 0.00
-1600.00 79.86 0.00
-1440.00 56.01 0.00
-1280.00 47.81 0.00
-1120.00 37.96 0.00
-960.00 38.14 0.00
-800.00 24.09 0.00
-640.00 17.23 0.00
-480.00 14.28 0.00
-320.00 7.47 0.00
-160.00 2.13 0.00
0.00 0.00 0.00
160.00 0.00 0.00
320.00 0.00 0.00
480.00 0.00 0.00
640.00 0.00 0.00
800.00 1.87 0.00
960.00 19.83 0.00
1120.00 36.34 0.00
1280.00 52.64 0.00
1440.00 68.55 0.00
1600.00 83.07 0.00
1760.00 91.45 0.00
1920.00 82.96 0.00
2080.00 68.24 0.00
2240.00 52.30 0.00
2400.00 35.97 0.00
2560.00 19.46 0.00
2720.00 4.03 0.00
2880.00 3.82 0.00
3040.00 9.27 0.00
3200.00 11.51 0.00
3360.00 12.04 0.00
3520.00 11.03 0.00
3680.00 8.34 0.00
3840.00 4.40 0.00
4000.00 2.86 0.00
-4000.00 171.53 -160.00
-3840.00 172.10 -160.00
-3680.00 136.39 -160.00
-3520.00 90.58 -160.00
-3360.00 61.54 -160.00
-3200.00 29.03 -160.00
-3040.00 19.09 -160.00
-2880.00 40.04 -160.00
-2720.00 59.85 -160.00
-2560.00 84.58 -160.00
-2400.00 102.52 -160.00
-2240.00 106.83 -160.00
-2080.00 98.57 -160.00
-1920.00 89.40 -160.00
-1760.00 80.04 -160.00
-1600.00 89.84 -160.00
-1440.00 60.53 -160.00
-1280.00 50.97 -160.00
-1120.00 55.77 -160.00
-960.00 42.39 -160.00
-800.00 37.82 -160.00
-640.00 32.47 -160.00
-480.00 28.98 -160.00
-320.00 21.22 -160.00
-160.00 14.20 -160.00
0.00 5.54 -160.00
160.00 0.00 -160.00
320.00 0.00 -160.00
480.00 0.00 -160.00
640.00 0.00 -160.00
800.00 2.14 -160.00
960.00 14.63 -160.00
1120.00 35.22 -160.00
1280.00 51.79 -160.00
1440.00 67.64 -160.00
1600.00 82.52 -160.00
1760.00 92.67 -160.00
1920.00 82.28 -160.00
2080.00 67.39 -160.00
2240.00 51.17 -160.00
2400.00 26.23 -160.00
2560.00 16.58 -160.00
2720.00 7.04 -160.00
2880.00 12.53 -160.00
3040.00 16.72 -160.00
3200.00 27.32 -160.00
3360.00 28.53 -160.00
3520.00 26.68 -160.00
3680.00 15.62 -160.00
3840.00 10.95 -160.00
4000.00 18.08 -160.00
-4000.00 204.58 -320.00
-3840.00 165.42 -320.00
-3680.00 155.22 -320.00
-3520.00 111.08 -320.00
-3360.00 66.84 -320.00
-3200.00 35.10 -320.00
-3040.00 19.37 -320.00
-2880.00 32.80 -320.00
-2720.00 48.62 -320.00
-2560.00 66.74 -320.00
-2400.00 79.57 -320.00
-2240.00 82.15 -320.00
-2080.00 96.72 -320.00
-1920.00 85.84 -320.00
-1760.00 74.35 -320.00
-1600.00 78.31 -320.00
-1440.00 56.20 -320.00
-1280.00 66.41 -320.00
-1120.00 55.92 -320.00
-960.00 58.55 -320.00
-800.00 53.26 -320.00
-640.00 46.74 -320.00
-480.00 36.14 -320.00
-320.00 38.60 -320.00
-160.00 26.00 -320.00
0.00 17.87 -320.00
160.00 6.42 -320.00
320.00 0.33 -320.00
480.00 0.00 -320.00
640.00 0.00 -320.00
800.00 0.76 -320.00
960.00 8.88 -320.00
1120.00 23.77 -320.00
1280.00 34.91 -320.00
1440.00 45.26 -320.00
1600.00 53.88 -320.00
1760.00 57.66 -320.00
1920.00 53.60 -320.00
2080.00 45.07 -320.00
2240.00 34.70 -320.00
2400.00 23.63 -320.00
2560.00 13.84 -320.00
2720.00 12.39 -320.00
2880.00 26.50 -320.00
3040.00 34.22 -320.00
3200.00 39.28 -320.00
3360.00 40.67 -320.00
3520.00 38.12 -320.00
3680.00 35.54 -320.00
3840.00 22.67 -320.00
4000.00 43.75 -320.00
-4000.00 199.54 -480.00
-3840.00 187.29 -480.00
-3680.00 160.12 -480.00
-3520.00 123.09 -480.00
-3360.00 75.19 -480.00
-3200.00 31.50 -480.00
-3040.00 13.74 -480.00
-2880.00 23.74 -480.00
-2720.00 35.45 -480.00
-2560.00 46.73 -480.00
-2400.00 69.71 -480.00
-2240.00 76.21 -480.00
-2080.00 67.98 -480.00
-1920.00 75.80 -480.00
-1760.00 63.32 -480.00
-1600.00 64.30 -480.00
-1440.00 63.56 -480.00
-1280.00 58.88 -480.00
-1120.00 68.20 -480.00
-960.00 71.46 -480.00
-800.00 68.34 -480.00
-640.00 60.46 -480.00
-480.00 54.73 -480.00
-320.00 46.94 -480.00
-160.00 45.13 -480.00
0.00 28.39 -480.00
160.00 17.93 -480.00
320.00 7.62 -480.00
480.00 1.01 -480.00
640.00 0.00 -480.00
800.00 0.00 -480.00
960.00 6.18 -480.00
1120.00 13.29 -480.00
1280.00 28.26 -480.00
1440.00 36.95 -480.00
1600.00 43.18 -480.00
1760.00 45.67 -480.00
1920.00 43.16 -480.00
2080.00 36.82 -480.00
2240.00 28.21 -480.00
2400.00 14.94 -480.00
2560.00 17.04 -480.00
2720.00 23.72 -480.00
2880.00 34.19 -480.00
3040.00 43.57 -480.00
3200.00 50.54 -480.00
3360.00 52.99 -480.00
3520.00 54.41 -480.00
3680.00 50.47 -480.00
3840.00 42.80 -480.00
4000.00 74.69 -480.00
-4000.00 211.60 -640.00
-3840.00 196.90 -640.00
-3680.00 168.79 -640.00
-3520.00 112.42 -640.00
-3360.00 64.88 -640.00
-3200.00 29.08 -640.00
-3040.00 7.16 -640.00
-2880.00 21.46 -640.00
-2720.00 32.46 -640.00
-2560.00 42.64 -640.00
-2400.00 55.84 -640.00
-2240.00 60.05 -640.00
-2080.00 54.52 -640.00
-1920.00 60.94 -640.00
-1760.00 46.18 -640.00
-1600.00 50.91 -640.00
-1440.00 49.65 -640.00
-1280.00 62.59 -640.00
-1120.00 56.75 -640.00
-960.00 60.87 -640.00
-800.00 69.39 -640.00
-640.00 76.30 -640.00
-480.00 75.74 -640.00
-320.00 65.59 -640.00
-160.00 50.12 -640.00
0.00 46.92 -640.00
160.00 36.56 -640.00
320.00 24.85 -640.00
480.00 12.86 -640.00
640.00 3.47 -640.00
800.00 0.00 -640.00
960.00 1.53 -640.00
1120.00 8.71 -640.00
1280.00 14.50 -640.00
1440.00 19.29 -640.00
1600.00 22.53 -640.00
1760.00 23.66 -640.00
1920.00 22.40 -640.00
2080.00 19.06 -640.00
2240.00 14.21 -640.00
2400.00 9.86 -640.00
2560.00 15.89 -640.00
2720.00 36.97 -640.00
2880.00 53.23 -640.00
3040.00 68.55 -640.00
3200.00 81.86 -640.00
3360.00 87.49 -640.00
3520.00 76.80 -640.00
3680.00 59.59 -640.00
3840.00 65.12 -640.00
4000.00 112.30 -640.00
-4000.00 233.06 -800.00
-3840.00 181.53 -800.00
-3680.00 147.36 -800.00
-3520.00 112.25 -800.00
-3360.00 69.48 -800.00
-3200.00 22.89 -800.00
-3040.00 4.80 -800.00
-2880.00 12.12 -800.00
-2720.00 19.11 -800.00
-2560.00 25.26 -800.00
-2400.00 30.33 -800.00
-2240.00 39.96 -800.00
-2080.00 38.07 -800.00
-1920.00 43.38 -800.00
-1760.00 32.63 -800.00
-1600.00 35.94 -800.00
-1440.00 35.84 -800.00
-1280.00 46.32 -800.00
-1120.00 53.62 -800.00
-960.00 74.47 -800.00
-800.00 65.60 -800.00
-640.00 91.45 -800.00
-480.00 90.74 -800.00
-320.00 81.12 -800.00
-160.00 67.14 -800.00
0.00 67.19 -800.00
160.00 55.27 -800.00
320.00 35.41 -800.00
480.00 27.16 -800.00
640.00 15.20 -800.00
800.00 6.24 -800.00
960.00 0.00 -800.00
1120.00 2.11 -800.00
1280.00 8.22 -800.00
1440.00 12.20 -800.00
1600.00 14.79 -800.00
1760.00 15.66 -800.00
1920.00 14.69 -800.00
2080.00 12.02 -800.00
2240.00 7.98 -800.00
2400.00 6.57 -800.00
2560.00 22.72 -800.00
2720.00 39.43 -800.00
2880.00 55.97 -800.00
3040.00 72.47 -800.00
3200.00 88.03 -800.00
3360.00 97.16 -800.00
3520.00 91.02 -800.00
3680.00 81.15 -800.00
3840.00 101.21 -800.00
4000.00 138.80 -800.00
-4000.00 199.86 -960.00
-3840.00 183.56 -960.00
-3680.00 149.91 -960.00
-3520.00 114.36 -960.00
-3360.00 64.01 -960.00
-3200.00 24.28 -960.00
-3040.00 1.07 -960.00
-2880.00 5.10 -960.00
-2720.00 13.72 -960.00
-2560.00 18.95 -960.00
-2400.00 22.83 -960.00
-2240.00 24.68 -960.00
-2080.00 20.03 -960.00
-1920.00 25.30 -960.00
-1760.00 24.82 -960.00
-1600.00 26.58 -960.00
-1440.00 28.68 -960.00
-1280.00 36.34 -960.00
-1120.00 51.21 -960.00
-960.00 52.96 -960.00
-800.00 64.35 -960.00
-640.00 74.11 -960.00
-480.00 78.54 -960.00
-320.00 95.80 -960.00
-160.00 79.60 -960.00
0.00 82.47 -960.00
160.00 74.08 -960.00
320.00 52.15 -960.00
480.00 38.83 -960.00
640.00 34.43 -960.00
800.00 18.96 -960.00
960.00 7.66 -960.00
1120.00 0.00 -960.00
1280.00 1.06 -960.00
1440.00 3.10 -960.00
1600.00 6.95 -960.00
1760.00 7.66 -960.00
1920.00 6.87 -960.00
2080.00 4.66 -960.00
2240.00 0.88 -960.00
2400.00 4.83 -960.00
2560.00 27.67 -960.00
2720.00 49.38 -960.00
2880.00 70.44 -960.00
3040.00 90.31 -960.00
3200.00 106.88 -960.00
3360.00 114.09 -960.00
3520.00 119.89 -960.00
3680.00 88.66 -960.00
3840.00 118.18 -960.00
4000.00 162.76 -960.00
-4000.00 230.06 -1120.00
-3840.00 183.08 -1120.00
-3680.00 161.05 -1120.00
-3520.00 107.33 -1120.00
-3360.00 63.84 -1120.00
-3200.00 21.20 -1120.00
-3040.00 0.05 -1120.00
-2880.00 2.12 -1120.00
-2720.00 5.45 -1120.00
-2560.00 8.23 -1120.00
-2400.00 10.22 -1120.00
-2240.00 11.17 -1120.00
-2080.00 10.92 -1120.00
-1920.00 9.51 -1120.00
-1760.00 7.69 -1120.00
-1600.00 11.21 -1120.00
-1440.00 14.41 -1120.00
-1280.00 23.50 -1120.00
-1120.00 34.69 -1120.00
-960.00 48.07 -1120.00
-800.00 60.20 -1120.00
-640.00 70.62 -1120.00
-480.00 97.22 -1120.00
-320.00 96.63 -1120.00
-160.00 89.16 -1120.00
0.00 93.95 -1120.00
160.00 86.55 -1120.00
320.00 84.15 -1120.00
480.00 68.68 -1120.00
640.00 56.63 -1120.00
800.00 38.44 -1120.00
960.00 26.31 -1120.00
1120.00 6.76 -1120.00
1280.00 0.00 -1120.00
1440.00 0.00 -1120.00
1600.00 0.00 -1120.00
1760.00 0.01 -1120.00
1920.00 0.00 -1120.00
2080.00 0.00 -1120.00
2240.00 0.00 -1120.00
2400.00 4.39 -1120.00
2560.00 28.74 -1120.00
2720.00 54.84 -1120.00
2880.00 79.34 -1120.00
3040.00 101.54 -1120.00
3200.00 118.43 -1120.00
3360.00 124.79 -1120.00
3520.00 119.34 -1120.00
3680.00 94.74 -1120.00
3840.00 123.68 -1120.00
4000.00 192.88 -1120.00
-4000.00 193.95 -1280.00
-3840.00 189.64 -1280.00
-3680.00 149.54 -1280.00
-3520.00 108.29 -1280.00
-3360.00 57.54 -1280.00
-3200.00 19.14 -1280.00
-3040.00 0.00 -1280.00
-2880.00 0.00 -1280.00
-2720.00 0.94 -1280.00
-2560.00 3.98 -1280.00
-2400.00 5.62 -1280.00
-2240.00 6.38 -1280.00
-2080.00 6.18 -1280.00
-1920.00 5.04 -1280.00
-1760.00 1.78 -1280.00
-1600.00 1.89 -1280.00
-1440.00 6.55 -1280.00
-1280.00 14.72 -1280.00
-1120.00 25.39 -1280.00
-960.00 37.09 -1280.00
-800.00 48.39 -1280.00
-640.00 60.08 -1280.00
-480.00 85.42 -1280.00
-320.00 88.79 -1280.00
-160.00 107.91 -1280.00
0.00 93.73 -1280.00
160.00 110.53 -1280.00
320.00 108.60 -1280.00
480.00 102.91 -1280.00
640.00 79.79 -1280.00
800.00 74.78 -1280.00
960.00 50.32 -1280.00
1120.00 31.72 -1280.00
1280.00 9.51 -1280.00
1440.00 0.00 -1280.00
1600.00 0.00 -1280.00
1760.00 0.00 -1280.00
1920.00 0.00 -1280.00
2080.00 0.00 -1280.00
2240.00 0.00 -1280.00
2400.00 5.32 -1280.00
2560.00 29.97 -1280.00
2720.00 53.69 -1280.00
2880.00 81.47 -1280.00
3040.00 105.50 -1280.00
3200.00 123.33 -1280.00
3360.00 156.48 -1280.00
3520.00 133.68 -1280.00
3680.00 97.55 -1280.00
3840.00 141.93 -1280.00
4000.00 224.46 -1280.00
-4000.00 211.22 -1440.00
-3840.00 193.32 -1440.00
-3680.00 145.97 -1440.00
-3520.00 92.90 -1440.00
-3360.00 57.33 -1440.00
-3200.00 18.77 -1440.00
-3040.00 0.00 -1440.00
-2880.00 0.00 -1440.00
-2720.00 0.00 -1440.00
-2560.00 0.00 -1440.00
-2400.00 0.67 -1440.00
-2240.00 1.01 -1440.00
-2080.00 0.95 -1440.00
-1920.00 0.47 -1440.00
-1760.00 0.00 -1440.00
-1600.00 0.00 -1440.00
-1440.00 0.44 -1440.00
-1280.00 7.68 -1440.00
-1120.00 18.64 -1440.00
-960.00 23.25 -1440.00
-800.00 33.83 -1440.00
-640.00 57.39 -1440.00
-480.00 68.96 -1440.00
-320.00 72.64 -1440.00
-160.00 92.93 -1440.00
0.00 99.94 -1440.00
160.00 124.99 -1440.00
320.00 135.68 -1440.00
480.00 133.04 -1440.00
640.00 119.37 -1440.00
800.00 100.32 -1440.00
960.00 75.56 -1440.00
1120.00 58.61 -1440.00
1280.00 32.88 -1440.00
1440.00 8.45 -1440.00
1600.00 0.00 -1440.00
1760.00 0.00 -1440.00
1920.00 0.00 -1440.00
2080.00 0.00 -1440.00
2240.00 0.00 -1440.00
2400.00 5.62 -1440.00
2560.00 29.97 -1440.00
2720.00 66.31 -1440.00
2880.00 92.07 -1440.00
3040.00 124.47 -1440.00
3200.00 144.54 -1440.00
3360.00 151.48 -1440.00
3520.00 143.22 -1440.00
3680.00 111.02 -1440.00
3840.00 134.65 -1440.00
4000.00 207.67 -1440.00
-4000.00 189.63 -1600.00
-3840.00 177.31 -1600.00
-3680.00 139.75 -1600.00
-3520.00 94.77 -1600.00
-3360.00 46.06 -1600.00
-3200.00 13.93 -1600.00
-3040.00 0.00 -1600.00
-2880.00 0.00 -1600.00
-2720.00 0.00 -1600.00
-2560.00 0.00 -1600.00
-2400.00 0.00 -1600.00
-2240.00 0.00 -1600.00
-2080.00 0.00 -1600.00
-1920.00 0.00 -1600.00
-1760.00 0.00 -1600.00
-1600.00 0.00 -1600.00
-1440.00 0.00 -1600.00
-1280.00 0.01 -1600.00
-1120.00 5.10 -1600.00
-960.00 14.58 -1600.00
-800.00 25.45 -1600.00
-640.00 36.51 -1600.00
-480.00 58.59 -1600.00
-320.00 67.43 -1600.00
-160.00 80.94 -1600.00
0.00 117.96 -1600.00
160.00 121.29 -1600.00
320.00 141.77 -1600.00
480.00 140.11 -1600.00
640.00 132.84 -1600.00
800.00 120.47 -1600.00
960.00 95.02 -1600.00
1120.00 82.81 -1600.00
1280.00 48.73 -1600.00
1440.00 22.44 -1600.00
1600.00 3.41 -1600.00
1760.00 0.00 -1600.00
1920.00 0.00 -1600.00
2080.00 0.00 -1600.00
2240.00 0.00 -1600.00
2400.00 7.59 -1600.00
2560.00 36.21 -1600.00
2720.00 71.53 -1600.00
2880.00 96.38 -1600.00
3040.00 122.96 -1600.00
3200.00 152.27 -1600.00
3360.00 159.00 -1600.00
3520.00 149.05 -1600.00
3680.00 176.09 -1600.00
3840.00 135.71 -1600.00
4000.00 225.02 -1600.00
-4000.00 184.84 -1760.00
-3840.00 156.30 -1760.00
-3680.00 115.10 -1760.00
-3520.00 87.06 -1760.00
-3360.00 49.61 -1760.00
-3200.00 12.69 -1760.00
-3040.00 0.00 -1760.00
-2880.00 0.00 -1760.00
-2720.00 0.00 -1760.00
-2560.00 0.00 -1760.00
-2400.00 0.00 -1760.00
-2240.00 0.00 -1760.00
-2080.00 0.00 -1760.00
-1920.00 0.00 -1760.00
-1760.00 0.00 -1760.00
-1600.00 0.00 -1760.00
-1440.00 0.00 -1760.00
-1280.00 0.00 -1760.00
-1120.00 0.00 -1760.00
-960.00 3.42 -1760.00
-800.00 10.10 -1760.00
-640.00 25.34 -1760.00
-480.00 36.67 -1760.00
-320.00 56.14 -1760.00
-160.00 72.72 -1760.00
0.00 92.41 -1760.00
160.00 125.91 -1760.00
320.00 144.94 -1760.00
480.00 165.55 -1760.00
640.00 167.42 -1760.00
800.00 159.52 -1760.00
960.00 133.11 -1760.00
1120.00 96.52 -1760.00
1280.00 63.47 -1760.00
1440.00 40.54 -1760.00
1600.00 11.84 -1760.00
1760.00 0.08 -1760.00
1920.00 0.00 -1760.00
2080.00 0.00 -1760.00
2240.00 0.00 -1760.00
2400.00 9.81 -1760.00
2560.00 42.63 -1760.00
2720.00 68.29 -1760.00
2880.00 106.44 -1760.00
3040.00 149.82 -1760.00
3200.00 150.67 -1760.00
3360.00 176.28 -1760.00
3520.00 151.21 -1760.00
3680.00 175.86 -1760.00
3840.00 201.54 -1760.00
4000.00 257.47 -1760.00
-4000.00 187.73 -1920.00
-3840.00 143.25 -1920.00
-3680.00 121.47 -1920.00
-3520.00 71.45 -1920.00
-3360.00 42.48 -1920.00
-3200.00 9.59 -1920.00
-3040.00 0.00 -1920.00
-2880.00 0.00 -1920.00
-2720.00 0.00 -1920.00
-2560.00 0.00 -1920.00
-2400.00 0.00 -1920.00
-2240.00 0.00 -1920.00
-2080.00 0.00 -1920.00
-1920.00 0.00 -1920.00
-1760.00 0.00 -1920.00
-1600.00 0.00 -1920.00
-1440.00 0.00 -1920.00
-1280.00 0.00 -1920.00
-1120.00 0.00 -1920.00
-960.00 0.00 -1920.00
-800.00 1.06 -1920.00
-640.00 7.37 -1920.00
-480.00 22.82 -1920.00
-320.00 36.34 -1920.00
-160.00 57.82 -1920.00
0.00 99.70 -1920.00
160.00 112.81 -1920.00
320.00 141.54 -1920.00
480.00 174.06 -1920.00
640.00 159.88 -1920.00
800.00 152.00 -1920.00
960.00 148.55 -1920.00
1120.00 92.66 -1920.00
1280.00 69.91 -1920.00
1440.00 42.69 -1920.00
1600.00 19.81 -1920.00
1760.00 2.32 -1920.00
1920.00 0.00 -1920.00
2080.00 0.00 -1920.00
2240.00 0.00 -1920.00
2400.00 13.08 -1920.00
2560.00 48.25 -1920.00
2720.00 78.05 -1920.00
2880.00 124.24 -1920.00
3040.00 165.99 -1920.00
3200.00 183.67 -1920.00
3360.00 191.26 -1920.00
3520.00 173.08 -1920.00
3680.00 182.97 -1920.00
3840.00 215.24 -1920.00
4000.00 233.34 -1920.00
-4000.00 178.52 -2080.00
-3840.00 148.68 -2080.00
-3680.00 114.57 -2080.00
-3520.00 78.99 -2080.00
-3360.00 33.03 -2080.00
-3200.00 7.15 -2080.00
-3040.00 0.00 -2080.00
-2880.00 0.00 -2080.00
-2720.00 0.00 -2080.00
-2560.00 0.00 -2080.00
-2400.00 0.00 -2080.00
-2240.00 0.00 -2080.00
-2080.00 0.00 -2080.00
-1920.00 0.00 -2080.00
-1760.00 0.00 -2080.00
-1600.00 0.00 -2080.00
-1440.00 0.00 -2080.00
-1280.00 0.00 -2080.00
-1120.00 0.00 -2080.00
-960.00 0.00 -2080.00
-800.00 0.00 -2080.00
-640.00 0.28 -2080.00
-480.00 7.63 -2080.00
-320.00 20.02 -2080.00
-160.00 43.96 -2080.00
0.00 75.01 -2080.00
160.00 116.40 -2080.00
320.00 131.53 -2080.00
480.00 138.24 -2080.00
640.00 181.12 -2080.00
800.00 173.71 -2080.00
960.00 120.18 -2080.00
1120.00 105.60 -2080.00
1280.00 80.53 -2080.00
1440.00 47.16 -2080.00
1600.00 22.13 -2080.00
1760.00 3.18 -2080.00
1920.00 0.00 -2080.00
2080.00 0.00 -2080.00
2240.00 0.00 -2080.00
2400.00 16.79 -2080.00
2560.00 52.85 -2080.00
2720.00 85.02 -2080.00
2880.00 133.56 -2080.00
3040.00 173.51 -2080.00
3200.00 188.21 -2080.00
3360.00 193.85 -2080.00
3520.00 188.20 -2080.00
3680.00 176.42 -2080.00
3840.00 221.10 -2080.00
4000.00 235.03 -2080.00
-4000.00 173.85 -2240.00
-3840.00 149.87 -2240.00
-3680.00 115.19 -2240.00
-3520.00 70.40 -2240.00
-3360.00 31.92 -2240.00
-3200.00 8.33 -2240.00
-3040.00 0.00 -2240.00
-2880.00 0.00 -2240.00
-2720.00 0.00 -2240.00
-2560.00 0.00 -2240.00
-2400.00 0.00 -2240.00
-2240.00 0.00 -2240.00
-2080.00 0.00 -2240.00
-1920.00 0.00 -2240.00
-1760.00 0.00 -2240.00
-1600.00 0.00 -2240.00
-1440.00 0.00 -2240.00
-1280.00 0.00 -2240.00
-1120.00 0.00 -2240.00
-960.00 0.00 -2240.00
-800.00 0.00 -2240.00
-640.00 0.00 -2240.00
-480.00 0.00 -2240.00
-320.00 7.54 -2240.00
-160.00 28.46 -2240.00
0.00 61.86 -2240.00
160.00 87.55 -2240.00
320.00 104.77 -2240.00
480.00 145.42 -2240.00
640.00 153.56 -2240.00
800.00 147.87 -2240.00
960.00 125.04 -2240.00
1120.00 108.14 -2240.00
1280.00 67.80 -2240.00
1440.00 42.49 -2240.00
1600.00 21.94 -2240.00
1760.00 3.98 -2240.00
1920.00 0.00 -2240.00
2080.00 0.00 -2240.00
2240.00 0.00 -2240.00
2400.00 19.07 -2240.00
2560.00 50.75 -2240.00
2720.00 88.53 -2240.00
2880.00 144.99 -2240.00
3040.00 181.08 -2240.00
3200.00 192.68 -2240.00
3360.00 199.61 -2240.00
3520.00 203.06 -2240.00
3680.00 208.20 -2240.00
3840.00 220.76 -2240.00
4000.00 249.24 -2240.00
-4000.00 152.01 -2400.00
-3840.00 132.74 -2400.00
-3680.00 104.31 -2400.00
-3520.00 70.86 -2400.00
-3360.00 34.40 -2400.00
-3200.00 7.17 -2400.00
-3040.00 0.00 -2400.00
-2880.00 0.00 -2400.00
-2720.00 0.00 -2400.00
-2560.00 0.00 -2400.00
-2400.00 0.00 -2400.00
-2240.00 0.00 -2400.00
-2080.00 0.00 -2400.00
-1920.00 0.00 -2400.00
-1760.00 0.00 -2400.00
-1600.00 0.00 -2400.00
-1440.00 0.00 -2400.00
-1280.00 0.00 -2400.00
-1120.00 0.00 -2400.00
-960.00 0.00 -2400.00
-800.00 0.00 -2400.00
-640.00 0.00 -2400.00
-480.00 0.00 -2400.00
-320.00 0.00 -2400.00
-160.00 9.28 -2400.00
0.00 37.38 -2400.00
160.00 67.85 -2400.00
320.00 90.35 -2400.00
480.00 141.77 -2400.00
640.00 150.20 -2400.00
800.00 142.76 -2400.00
960.00 136.48 -2400.00
1120.00 84.19 -2400.00
1280.00 52.92 -2400.00
1440.00 37.00 -2400.00
1600.00 15.28 -2400.00
1760.00 1.63 -2400.00
1920.00 0.00 -2400.00
2080.00 0.00 -2400.00
2240.00 0.00 -2400.00
2400.00 18.29 -2400.00
2560.00 62.01 -2400.00
2720.00 98.35 -2400.00
2880.00 148.84 -2400.00
3040.00 182.40 -2400.00
3200.00 191.76 -2400.00
3360.00 196.05 -2400.00
3520.00 196.80 -2400.00
3680.00 206.72 -2400.00
3840.00 236.60 -2400.00
4000.00 241.44 -2400.00
-4000.00 135.17 -2560.00
-3840.00 108.20 -2560.00
-3680.00 82.70 -2560.00
-3520.00 58.57 -2560.00
-3360.00 32.76 -2560.00
-3200.00 7.69 -2560.00
-3040.00 0.00 -2560.00
-2880.00 0.00 -2560.00
-2720.00 0.00 -2560.00
-2560.00 0.00 -2560.00
-2400.00 0.00 -2560.00
-2240.00 0.04 -2560.00
-2080.00 0.29 -2560.00
-1920.00 1.38 -2560.00
-1760.00 2.09 -2560.00
-1600.00 2.74 -2560.00
-1440.00 2.45 -2560.00
-1280.00 1.16 -2560.00
-1120.00 1.52 -2560.00
-960.00 1.71 -2560.00
-800.00 1.32 -2560.00
-640.00 1.41 -2560.00
-480.00 1.08 -2560.00
-320.00 0.21 -2560.00
-160.00 0.00 -2560.00
0.00 20.40 -2560.00
160.00 50.04 -2560.00
320.00 97.82 -2560.00
480.00 118.14 -2560.00
640.00 152.12 -2560.00
800.00 148.95 -2560.00
960.00 102.90 -2560.00
1120.00 70.13 -2560.00
1280.00 40.13 -2560.00
1440.00 21.91 -2560.00
1600.00 8.97 -2560.00
1760.00 0.33 -2560.00
1920.00 0.00 -2560.00
2080.00 0.00 -2560.00
2240.00 0.00 -2560.00
2400.00 22.39 -2560.00
2560.00 53.80 -2560.00
2720.00 94.53 -2560.00
2880.00 132.16 -2560.00
3040.00 161.97 -2560.00
3200.00 199.72 -2560.00
3360.00 200.75 -2560.00
3520.00 187.44 -2560.00
3680.00 223.46 -2560.00
3840.00 230.44 -2560.00
4000.00 221.30 -2560.00
-4000.00 116.35 -2720.00
-3840.00 109.22 -2720.00
-3680.00 74.60 -2720.00
-3520.00 72.66 -2720.00
-3360.00 42.06 -2720.00
-3200.00 22.00 -2720.00
-3040.00 11.60 -2720.00
-2880.00 10.38 -2720.00
-2720.00 8.74 -2720.00
-2560.00 8.36 -2720.00
-2400.00 7.18 -2720.00
-2240.00 9.70 -2720.00
-2080.00 12.72 -2720.00
-1920.00 13.90 -2720.00
-1760.00 16.85 -2720.00
-1600.00 14.92 -2720.00
-1440.00 13.11 -2720.00
-1280.00 11.29 -2720.00
-1120.00 11.78 -2720.00
-960.00 8.98 -2720.00
-800.00 11.76 -2720.00
-640.00 10.16 -2720.00
-480.00 10.91 -2720.00
-320.00 15.16 -2720.00
-160.00 17.43 -2720.00
0.00 23.39 -2720.00
160.00 53.37 -2720.00
320.00 93.69 -2720.00
480.00 113.82 -2720.00
640.00 135.83 -2720.00
800.00 111.85 -2720.00
960.00 80.00 -2720.00
1120.00 49.05 -2720.00
1280.00 25.11 -2720.00
1440.00 9.98 -2720.00
1600.00 2.54 -2720.00
1760.00 0.00 -2720.00
1920.00 0.00 -2720.00
2080.00 0.00 -2720.00
2240.00 0.00 -2720.00
2400.00 23.43 -2720.00
2560.00 51.12 -2720.00
2720.00 98.01 -2720.00
2880.00 123.11 -2720.00
3040.00 141.94 -2720.00
3200.00 187.43 -2720.00
3360.00 182.27 -2720.00
3520.00 185.46 -2720.00
3680.00 195.56 -2720.00
3840.00 222.42 -2720.00
4000.00 236.55 -2720.00
-4000.00 109.38 -2880.00
-3840.00 84.03 -2880.00
-3680.00 70.78 -2880.00
-3520.00 55.93 -2880.00
-3360.00 74.08 -2880.00
-3200.00 47.59 -2880.00
-3040.00 36.25 -2880.00
-2880.00 27.31 -2880.00
-2720.00 30.44 -2880.00
-2560.00 25.07 -2880.00
-2400.00 29.35 -2880.00
-2240.00 24.57 -2880.00
-2080.00 27.67 -2880.00
-1920.00 34.09 -2880.00
-1760.00 32.19 -2880.00
-1600.00 29.11 -2880.00
-1440.00 32.84 -2880.00
-1280.00 25.01 -2880.00
-1120.00 29.27 -2880.00
-960.00 38.93 -2880.00
-800.00 40.56 -2880.00
-640.00 49.19 -2880.00
-480.00 46.12 -2880.00
-320.00 59.09 -2880.00
-160.00 50.90 -2880.00
0.00 50.95 -2880.00
160.00 67.43 -2880.00
320.00 80.55 -2880.00
480.00 91.27 -2880.00
640.00 83.02 -2880.00
800.00 80.30 -2880.00
960.00 41.98 -2880.00
1120.00 17.69 -2880.00
1280.00 7.74 -2880.00
1440.00 3.56 -2880.00
1600.00 0.00 -2880.00
1760.00 0.00 -2880.00
1920.00 0.00 -2880.00
2080.00 0.00 -2880.00
2240.00 0.00 -2880.00
2400.00 19.37 -2880.00
2560.00 51.81 -2880.00
2720.00 84.67 -2880.00
2880.00 103.86 -2880.00
3040.00 143.71 -2880.00
3200.00 150.89 -2880.00
3360.00 176.14 -2880.00
3520.00 177.22 -2880.00
3680.00 174.02 -2880.00
3840.00 192.66 -2880.00
4000.00 202.22 -2880.00
-4000.00 96.11 -3040.00
-3840.00 102.21 -3040.00
-3680.00 101.17 -3040.00
-3520.00 100.27 -3040.00
-3360.00 77.87 -3040.00
-3200.00 75.06 -3040.00
-3040.00 68.78 -3040.00
-2880.00 61.11 -3040.00
-2720.00 48.83 -3040.00
-2560.00 45.77 -3040.00
-2400.00 51.77 -3040.00
-2240.00 49.76 -3040.00
-2080.00 48.97 -3040.00
-1920.00 45.23 -3040.00
-1760.00 55.81 -3040.00
-1600.00 48.46 -3040.00
-1440.00 40.28 -3040.00
-1280.00 49.17 -3040.00
-1120.00 56.68 -3040.00
-960.00 80.22 -3040.00
-800.00 78.86 -3040.00
-640.00 79.46 -3040.00
-480.00 94.15 -3040.00
-320.00 90.77 -3040.00
-160.00 83.67 -3040.00
0.00 81.60 -3040.00
160.00 66.12 -3040.00
320.00 64.86 -3040.00
480.00 50.84 -3040.00
640.00 38.40 -3040.00
800.00 25.78 -3040.00
960.00 8.77 -3040.00
1120.00 3.78 -3040.00
1280.00 0.76 -3040.00
1440.00 0.00 -3040.00
1600.00 0.00 -3040.00
1760.00 0.00 -3040.00
1920.00 0.00 -3040.00
2080.00 0.00 -3040.00
2240.00 0.00 -3040.00
2400.00 12.33 -3040.00
2560.00 38.00 -3040.00
2720.00 64.96 -3040.00
2880.00 86.66 -3040.00
3040.00 122.31 -3040.00
3200.00 129.18 -3040.00
3360.00 149.58 -3040.00
3520.00 146.75 -3040.00
3680.00 138.55 -3040.00
3840.00 153.88 -3040.00
4000.00 187.40 -3040.00
-4000.00 135.03 -3200.00
-3840.00 139.50 -3200.00
-3680.00 142.14 -3200.00
-3520.00 140.59 -3200.00
-3360.00 128.96 -3200.00
-3200.00 103.00 -3200.00
-3040.00 91.58 -3200.00
-2880.00 75.55 -3200.00
-2720.00 77.32 -3200.00
-2560.00 70.53 -3200.00
-2400.00 67.50 -3200.00
-2240.00 72.49 -3200.00
-2080.00 69.88 -3200.00
-1920.00 67.57 -3200.00
-1760.00 63.07 -3200.00
-1600.00 69.34 -3200.00
-1440.00 54.50 -3200.00
-1280.00 70.90 -3200.00
-1120.00 93.25 -3200.00
-960.00 127.41 -3200.00
-800.00 120.25 -3200.00
-640.00 116.16 -3200.00
-480.00 117.11 -3200.00
-320.00 108.91 -3200.00
-160.00 99.73 -3200.00
0.00 70.41 -3200.00
160.00 62.27 -3200.00
320.00 59.42 -3200.00
480.00 52.78 -3200.00
640.00 38.59 -3200.00
800.00 24.42 -3200.00
960.00 10.16 -3200.00
1120.00 0.00 -3200.00
1280.00 0.00 -3200.00
1440.00 0.00 -3200.00
1600.00 0.00 -3200.00
1760.00 0.00 -3200.00
1920.00 0.00 -3200.00
2080.00 0.00 -3200.00
2240.00 0.00 -3200.00
2400.00 7.37 -3200.00
2560.00 28.94 -3200.00
2720.00 46.68 -3200.00
2880.00 72.76 -3200.00
3040.00 89.47 -3200.00
3200.00 94.22 -3200.00
3360.00 95.28 -3200.00
3520.00 108.14 -3200.00
3680.00 120.97 -3200.00
3840.00 131.84 -3200.00
4000.00 134.05 -3200.00
-4000.00 152.35 -3360.00
-3840.00 159.27 -3360.00
-3680.00 164.53 -3360.00
-3520.00 156.93 -3360.00
-3360.00 150.84 -3360.00
-3200.00 140.58 -3360.00
-3040.00 122.92 -3360.00
-2880.00 100.44 -3360.00
-2720.00 82.66 -3360.00
-2560.00 84.80 -3360.00
-2400.00 87.39 -3360.00
-2240.00 92.18 -3360.00
-2080.00 87.02 -3360.00
-1920.00 85.45 -3360.00
-1760.00 76.17 -3360.00
-1600.00 84.26 -3360.00
-1440.00 74.05 -3360.00
-1280.00 93.88 -3360.00
-1120.00 117.51 -3360.00
-960.00 153.00 -3360.00
-800.00 132.92 -3360.00
-640.00 117.76 -3360.00
-480.00 99.77 -3360.00
-320.00 76.33 -3360.00
-160.00 79.42 -3360.00
0.00 68.78 -3360.00
160.00 48.90 -3360.00
320.00 49.39 -3360.00
480.00 61.01 -3360.00
640.00 50.77 -3360.00
800.00 34.86 -3360.00
960.00 23.35 -3360.00
1120.00 5.00 -3360.00
1280.00 0.00 -3360.00
1440.00 0.00 -3360.00
1600.00 0.00 -3360.00
1760.00 0.00 -3360.00
1920.00 0.00 -3360.00
2080.00 0.00 -3360.00
2240.00 0.00 -3360.00
2400.00 3.40 -3360.00
2560.00 13.94 -3360.00
2720.00 34.13 -3360.00
2880.00 39.87 -3360.00
3040.00 57.09 -3360.00
3200.00 71.84 -3360.00
3360.00 61.84 -3360.00
3520.00 70.65 -3360.00
3680.00 78.20 -3360.00
3840.00 101.31 -3360.00
4000.00 100.39 -3360.00
-4000.00 174.44 -3520.00
-3840.00 185.36 -3520.00
-3680.00 192.39 -3520.00
-3520.00 187.53 -3520.00
-3360.00 151.92 -3520.00
-3200.00 135.29 -3520.00
-3040.00 140.44 -3520.00
-2880.00 116.19 -3520.00
-2720.00 98.15 -3520.00
-2560.00 96.91 -3520.00
-2400.00 99.06 -3520.00
-2240.00 101.22 -3520.00
-2080.00 93.63 -3520.00
-1920.00 93.08 -3520.00
-1760.00 81.67 -3520.00
-1600.00 90.82 -3520.00
-1440.00 89.14 -3520.00
-1280.00 85.57 -3520.00
-1120.00 118.09 -3520.00
-960.00 141.97 -3520.00
-800.00 142.18 -3520.00
-640.00 97.86 -3520.00
-480.00 76.89 -3520.00
-320.00 57.58 -3520.00
-160.00 54.32 -3520.00
0.00 48.94 -3520.00
160.00 45.05 -3520.00
320.00 49.49 -3520.00
480.00 57.03 -3520.00
640.00 60.72 -3520.00
800.00 42.05 -3520.00
960.00 26.84 -3520.00
1120.00 6.23 -3520.00
1280.00 0.00 -3520.00
1440.00 0.00 -3520.00
1600.00 0.00 -3520.00
1760.00 0.00 -3520.00
1920.00 0.00 -3520.00
2080.00 0.00 -3520.00
2240.00 0.00 -3520.00
2400.00 0.33 -3520.00
2560.00 7.61 -3520.00
2720.00 18.97 -3520.00
2880.00 27.75 -3520.00
3040.00 30.06 -3520.00
3200.00 33.33 -3520.00
3360.00 40.22 -3520.00
3520.00 49.42 -3520.00
3680.00 55.03 -3520.00
3840.00 55.30 -3520.00
4000.00 66.34 -3520.00
-4000.00 168.52 -3680.00
-3840.00 179.62 -3680.00
-3680.00 188.39 -3680.00
-3520.00 187.14 -3680.00
-3360.00 149.87 -3680.00
-3200.00 133.07 -3680.00
-3040.00 137.77 -3680.00
-2880.00 111.39 -3680.00
-2720.00 113.13 -3680.00
-2560.00 84.69 -3680.00
-2400.00 91.41 -3680.00
-2240.00 95.29 -3680.00
-2080.00 87.53 -3680.00
-1920.00 86.42 -3680.00
-1760.00 74.97 -3680.00
-1600.00 81.73 -3680.00
-1440.00 81.72 -3680.00
-1280.00 84.11 -3680.00
-1120.00 89.60 -3680.00
-960.00 89.16 -3680.00
-800.00 79.60 -3680.00
-640.00 68.60 -3680.00
-480.00 46.02 -3680.00
-320.00 37.99 -3680.00
-160.00 37.29 -3680.00
0.00 26.79 -3680.00
160.00 31.27 -3680.00
320.00 36.57 -3680.00
480.00 40.89 -3680.00
640.00 39.99 -3680.00
800.00 26.15 -3680.00
960.00 16.36 -3680.00
1120.00 1.43 -3680.00
1280.00 0.00 -3680.00
1440.00 0.00 -3680.00
1600.00 0.00 -3680.00
1760.00 0.00 -3680.00
1920.00 0.00 -3680.00
2080.00 0.00 -3680.00
2240.00 0.00 -3680.00
2400.00 0.00 -3680.00
2560.00 0.83 -3680.00
2720.00 6.17 -3680.00
2880.00 13.86 -3680.00
3040.00 14.25 -3680.00
3200.00 20.54 -3680.00
3360.00 23.11 -3680.00
3520.00 22.95 -3680.00
3680.00 25.16 -3680.00
3840.00 33.04 -3680.00
4000.00 38.90 -3680.00
-4000.00 138.73 -3840.00
-3840.00 149.65 -3840.00
-3680.00 156.51 -3840.00
-3520.00 157.33 -3840.00
-3360.00 128.08 -3840.00
-3200.00 111.40 -3840.00
-3040.00 116.21 -3840.00
-2880.00 89.63 -3840.00
-2720.00 89.87 -3840.00
-2560.00 76.30 -3840.00
-2400.00 87.24 -3840.00
-2240.00 74.29 -3840.00
-2080.00 70.64 -3840.00
-1920.00 66.83 -3840.00
-1760.00 61.21 -3840.00
-1600.00 62.89 -3840.00
-1440.00 66.40 -3840.00
-1280.00 61.19 -3840.00
-1120.00 56.41 -3840.00
-960.00 60.67 -3840.00
-800.00 46.50 -3840.00
-640.00 42.59 -3840.00
-480.00 32.56 -3840.00
-320.00 22.74 -3840.00
-160.00 21.58 -3840.00
0.00 13.94 -3840.00
160.00 14.53 -3840.00
320.00 15.60 -3840.00
480.00 16.35 -3840.00
640.00 19.13 -3840.00
800.00 10.99 -3840.00
960.00 4.08 -3840.00
1120.00 0.00 -3840.00
1280.00 0.00 -3840.00
1440.00 0.00 -3840.00
1600.00 0.00 -3840.00
1760.00 0.00 -3840.00
1920.00 0.00 -3840.00
2080.00 0.00 -3840.00
2240.00 0.00 -3840.00
2400.00 0.00 -3840.00
2560.00 0.00 -3840.00
2720.00 0.65 -3840.00
2880.00 2.46 -3840.00
3040.00 6.47 -3840.00
3200.00 5.99 -3840.00
3360.00 7.54 -3840.00
3520.00 9.74 -3840.00
3680.00 12.11 -3840.00
3840.00 16.59 -3840.00
4000.00 19.60 -3840.00
-4000.00 110.44 -4000.00
-3840.00 120.75 -4000.00
-3680.00 107.59 -4000.00
-3520.00 109.81 -4000.00
-3360.00 108.66 -4000.00
-3200.00 99.10 -4000.00
-3040.00 83.90 -4000.00
-2880.00 83.49 -4000.00
-2720.00 62.35 -4000.00
-2560.00 69.08 -4000.00
-2400.00 53.83 -4000.00
-2240.00 63.97 -4000.00
-2080.00 62.19 -4000.00
-1920.00 58.39 -4000.00
-1760.00 54.25 -4000.00
-1600.00 44.65 -4000.00
-1440.00 47.01 -4000.00
-1280.00 45.62 -4000.00
-1120.00 38.98 -4000.00
-960.00 26.46 -4000.00
-800.00 25.25 -4000.00
-640.00 18.72 -4000.00
-480.00 16.25 -4000.00
-320.00 9.73 -4000.00
-160.00 5.58 -4000.00
0.00 2.58 -4000.00
160.00 0.33 -4000.00
320.00 0.23 -4000.00
480.00 0.00 -4000.00
640.00 0.00 -4000.00
800.00 0.00 -4000.00
960.00 0.00 -4000.00
1120.00 0.00 -4000.00
1280.00 0.00 -4000.00
1440.00 0.00 -4000.00
1600.00 0.00 -4000.00
1760.00 0.00 -4000.00
1920.00 0.00 -4000.00
2080.00 0.00 -4000.00
2240.00 0.00 -4000.00
2400.00 0.00 -4000.00
2560.00 0.00 -4000.00
2720.00 0.00 -4000.00
2880.00 0.00 -4000.00
3040.00 0.09 -4000.00
3200.00 0.56 -4000.00
3360.00 0.43 -4000.00
3520.00 0.84 -4000.00
3680.00 3.76 -4000.00
3840.00 9.18 -4000.00
4000.00 11.82 -4000.00
