//-----------------------------------------------
//メッシュフィールドの配置処理
//Author: 加藤瑞葵
//-----------------------------------------------
SET_MESHFIELD
vertical = 3
line = 3
width = 5000.00
depth = 5000.00
-2500.00 522.25 2500.00
-833.33 0.00 2500.00
833.33 129.19 2500.00
2500.00 458.58 2500.00
-2500.00 489.60 833.33
-833.33 272.72 833.33
833.33 0.00 833.33
2500.00 0.00 833.33
-2500.00 0.00 -833.33
-833.33 0.00 -833.33
833.33 0.00 -833.33
2500.00 949.01 -833.33
-2500.00 1095.61 -2500.00
-833.33 273.15 -2500.00
833.33 0.00 -2500.00
2500.00 0.00 -2500.00
